tiempo_s,angulo_deg,pulsos_raw
0.00,0.00,0
0.02,0.00,0
0.04,0.00,0
0.06,0.00,0
0.08,0.00,0
0.10,0.00,0
0.12,0.00,0
0.14,0.00,0
0.16,0.00,0
0.18,0.00,0
0.20,0.00,0
0.22,0.00,0
0.24,0.00,0
0.26,0.00,0
0.28,0.00,0
0.30,0.00,0
0.32,0.00,0
0.34,0.00,0
0.36,0.00,0
0.38,0.00,0
0.40,0.00,0
0.42,0.00,0
0.44,0.00,0
0.46,0.00,0
0.48,0.00,0
0.50,0.00,0
0.52,0.00,0
0.54,0.00,0
0.56,0.00,0
0.58,0.00,0
0.60,0.00,0
0.62,0.00,0
0.64,0.00,0
0.66,0.00,0
0.68,0.00,0
0.70,0.00,0
0.72,0.00,0
0.74,0.00,0
0.76,0.00,0
0.78,0.00,0
0.80,0.00,0
0.82,0.00,0
0.84,0.00,0
0.86,0.00,0
0.88,0.00,0
0.90,0.00,0
0.92,0.00,0
0.94,0.00,0
0.96,0.00,0
0.98,0.00,0
1.00,0.00,0
1.02,0.00,0
1.04,0.00,0
1.06,0.00,0
1.08,0.00,0
1.10,0.00,0
1.12,0.00,0
1.14,0.00,0
1.16,0.00,0
1.18,0.00,0
1.20,0.00,0
1.22,0.00,0
1.24,0.00,0
1.26,0.00,0
1.28,0.00,0
1.30,0.00,0
1.32,0.00,0
1.34,0.00,0
1.36,0.00,0
1.38,0.00,0
1.40,0.00,0
1.42,0.00,0
1.44,0.00,0
1.46,0.00,0
1.48,0.00,0
1.50,0.00,0
1.52,0.00,0
1.54,0.00,0
1.56,0.00,0
1.58,0.00,0
1.60,0.00,0
1.62,0.00,0
1.64,0.00,0
1.66,0.00,0
1.68,0.00,0
1.70,0.00,0
1.72,0.00,0
1.74,0.00,0
1.76,0.00,0
1.78,0.00,0
1.80,0.00,0
1.82,0.00,0
1.84,0.00,0
1.86,0.00,0
1.88,0.00,0
1.90,0.00,0
1.92,0.00,0
1.94,0.00,0
1.96,0.00,0
1.98,0.00,0
2.00,-0.36,-1
2.02,-0.36,-1
2.04,-0.72,-2
2.06,-1.08,-3
2.08,-1.80,-5
2.10,-2.52,-7
2.12,-3.96,-11
2.14,-5.04,-14
2.16,-6.48,-18
2.18,-7.92,-22
2.20,-9.72,-27
2.22,-11.16,-31
2.24,-12.96,-36
2.26,-14.76,-41
2.28,-16.20,-45
2.30,-18.00,-50
2.32,-19.80,-55
2.34,-21.24,-59
2.36,-23.04,-64
2.38,-24.84,-69
2.40,-26.64,-74
2.42,-28.08,-78
2.44,-29.88,-83
2.46,-30.96,-86
2.48,-32.40,-90
2.50,-33.84,-94
2.52,-35.64,-99
2.54,-37.08,-103
2.56,-38.52,-107
2.58,-39.60,-110
2.60,-40.68,-113
2.62,-42.12,-117
2.64,-43.20,-120
2.66,-44.28,-123
2.68,-45.36,-126
2.70,-46.44,-129
2.72,-47.52,-132
2.74,-48.60,-135
2.76,-49.68,-138
2.78,-50.40,-140
2.80,-51.48,-143
2.82,-52.56,-146
2.84,-53.28,-148
2.86,-54.36,-151
2.88,-55.08,-153
2.90,-56.16,-156
2.92,-57.24,-159
2.94,-58.32,-162
2.96,-59.04,-164
2.98,-59.76,-166
3.00,-60.84,-169
3.02,-61.56,-171
3.04,-62.28,-173
3.06,-63.00,-175
3.08,-63.72,-177
3.10,-64.44,-179
3.12,-64.80,-180
3.14,-65.16,-181
3.16,-65.88,-183
3.18,-66.60,-185
3.20,-66.96,-186
3.22,-67.68,-188
3.24,-68.04,-189
3.26,-68.40,-190
3.28,-69.12,-192
3.30,-69.48,-193
3.32,-69.84,-194
3.34,-70.20,-195
3.36,-70.92,-197
3.38,-71.28,-198
3.40,-71.64,-199
3.42,-72.00,-200
3.44,-72.72,-202
3.46,-73.08,-203
3.48,-73.44,-204
3.50,-73.80,-205
3.52,-73.80,-205
3.54,-74.16,-206
3.56,-74.52,-207
3.58,-74.88,-208
3.60,-74.88,-208
3.62,-75.24,-209
3.64,-75.24,-209
3.66,-75.24,-209
3.68,-75.60,-210
3.70,-75.60,-210
3.72,-75.60,-210
3.74,-75.60,-210
3.76,-75.60,-210
3.78,-75.96,-211
3.80,-75.96,-211
3.82,-75.96,-211
3.84,-75.96,-211
3.86,-75.96,-211
3.88,-75.96,-211
3.90,-75.96,-211
3.92,-75.96,-211
3.94,-75.96,-211
3.96,-75.96,-211
3.98,-75.96,-211
4.00,-75.96,-211
4.02,-75.96,-211
4.04,-75.96,-211
4.06,-75.96,-211
4.08,-75.96,-211
4.10,-75.96,-211
4.12,-75.96,-211
4.14,-75.96,-211
4.16,-75.96,-211
4.18,-75.60,-210
4.20,-75.60,-210
4.22,-75.60,-210
4.24,-75.60,-210
4.26,-75.24,-209
4.28,-75.24,-209
4.30,-75.24,-209
4.32,-74.88,-208
4.34,-74.88,-208
4.36,-74.52,-207
4.38,-74.52,-207
4.40,-74.16,-206
4.42,-74.16,-206
4.44,-73.80,-205
4.46,-73.80,-205
4.48,-73.44,-204
4.50,-73.44,-204
4.52,-73.08,-203
4.54,-73.08,-203
4.56,-72.72,-202
4.58,-72.72,-202
4.60,-72.36,-201
4.62,-72.36,-201
4.64,-72.36,-201
4.66,-72.00,-200
4.68,-72.00,-200
4.70,-72.00,-200
4.72,-72.00,-200
4.74,-71.64,-199
4.76,-71.64,-199
4.78,-71.64,-199
4.80,-71.64,-199
4.82,-71.64,-199
4.84,-71.64,-199
4.86,-71.64,-199
4.88,-71.64,-199
4.90,-71.28,-198
4.92,-71.28,-198
4.94,-71.28,-198
4.96,-71.28,-198
4.98,-70.92,-197
5.00,-70.92,-197
5.02,-70.92,-197
5.04,-70.56,-196
5.06,-70.56,-196
5.08,-70.20,-195
5.10,-69.84,-194
5.12,-69.84,-194
5.14,-69.48,-193
5.16,-69.48,-193
5.18,-69.12,-192
5.20,-68.76,-191
5.22,-68.76,-191
5.24,-68.40,-190
5.26,-68.04,-189
5.28,-67.68,-188
5.30,-67.32,-187
5.32,-67.32,-187
5.34,-66.96,-186
5.36,-66.60,-185
5.38,-66.24,-184
5.40,-65.88,-183
5.42,-65.52,-182
5.44,-65.52,-182
5.46,-65.16,-181
5.48,-64.80,-180
5.50,-64.44,-179
5.52,-64.08,-178
5.54,-63.72,-177
5.56,-63.72,-177
5.58,-63.36,-176
5.60,-63.00,-175
5.62,-62.64,-174
5.64,-62.28,-173
5.66,-62.28,-173
5.68,-61.92,-172
5.70,-61.56,-171
5.72,-61.20,-170
5.74,-61.20,-170
5.76,-60.84,-169
5.78,-60.48,-168
5.80,-60.48,-168
5.82,-60.12,-167
5.84,-59.76,-166
5.86,-59.76,-166
5.88,-59.40,-165
5.90,-59.04,-164
5.92,-59.04,-164
5.94,-58.68,-163
5.96,-58.68,-163
5.98,-58.32,-162
6.00,-58.32,-162
6.02,-57.96,-161
6.04,-57.96,-161
6.06,-57.60,-160
6.08,-57.60,-160
6.10,-57.24,-159
6.12,-57.24,-159
6.14,-56.88,-158
6.16,-56.52,-157
6.18,-56.52,-157
6.20,-56.16,-156
6.22,-56.16,-156
6.24,-55.80,-155
6.26,-55.44,-154
6.28,-55.44,-154
6.30,-55.08,-153
6.32,-55.08,-153
6.34,-54.72,-152
6.36,-54.72,-152
6.38,-54.36,-151
6.40,-54.36,-151
6.42,-54.00,-150
6.44,-53.64,-149
6.46,-53.64,-149
6.48,-53.28,-148
6.50,-53.28,-148
6.52,-52.92,-147
6.54,-52.92,-147
6.56,-52.56,-146
6.58,-52.56,-146
6.60,-52.20,-145
6.62,-52.20,-145
6.64,-51.84,-144
6.66,-51.84,-144
6.68,-51.48,-143
6.70,-51.48,-143
6.72,-51.12,-142
6.74,-51.12,-142
6.76,-51.12,-142
6.78,-50.76,-141
6.80,-50.40,-140
6.82,-50.40,-140
6.84,-50.40,-140
6.86,-50.04,-139
6.88,-50.04,-139
6.90,-49.68,-138
6.92,-49.68,-138
6.94,-49.32,-137
6.96,-49.32,-137
6.98,-48.96,-136
7.00,-48.96,-136
7.02,-48.96,-136
7.04,-48.60,-135
7.06,-48.60,-135
7.08,-48.24,-134
7.10,-48.24,-134
7.12,-47.88,-133
7.14,-47.88,-133
7.16,-47.52,-132
7.18,-47.52,-132
7.20,-47.16,-131
7.22,-47.16,-131
7.24,-46.80,-130
7.26,-46.80,-130
7.28,-46.44,-129
7.30,-46.44,-129
7.32,-46.08,-128
7.34,-46.08,-128
7.36,-45.72,-127
7.38,-45.72,-127
7.40,-45.36,-126
7.42,-45.36,-126
7.44,-45.00,-125
7.46,-45.00,-125
7.48,-44.64,-124
7.50,-44.64,-124
7.52,-44.28,-123
7.54,-44.28,-123
7.56,-43.92,-122
7.58,-43.92,-122
7.60,-43.56,-121
7.62,-43.56,-121
7.64,-43.20,-120
7.66,-43.20,-120
7.68,-42.84,-119
7.70,-42.84,-119
7.72,-42.48,-118
7.74,-42.12,-117
7.76,-42.12,-117
7.78,-41.76,-116
7.80,-41.76,-116
7.82,-41.40,-115
7.84,-41.40,-115
7.86,-41.04,-114
7.88,-41.04,-114
7.90,-41.04,-114
7.92,-40.68,-113
7.94,-40.68,-113
7.96,-40.68,-113
7.98,-40.32,-112
8.00,-40.32,-112
8.02,-40.32,-112
8.04,-39.96,-111
8.06,-39.96,-111
8.08,-39.96,-111
8.10,-39.60,-110
8.12,-39.60,-110
8.14,-39.24,-109
8.16,-39.24,-109
8.18,-38.88,-108
8.20,-38.88,-108
8.22,-38.52,-107
8.24,-38.52,-107
8.26,-38.16,-106
8.28,-38.16,-106
8.30,-37.80,-105
8.32,-37.44,-104
8.34,-37.44,-104
8.36,-37.08,-103
8.38,-37.08,-103
8.40,-36.72,-102
8.42,-36.72,-102
8.44,-36.36,-101
8.46,-36.00,-100
8.48,-36.00,-100
8.50,-35.64,-99
8.52,-35.64,-99
8.54,-35.28,-98
8.56,-35.28,-98
8.58,-34.92,-97
8.60,-34.92,-97
8.62,-34.92,-97
8.64,-34.56,-96
8.66,-34.56,-96
8.68,-34.20,-95
8.70,-34.20,-95
8.72,-34.20,-95
8.74,-33.84,-94
8.76,-33.84,-94
8.78,-33.48,-93
8.80,-33.48,-93
8.82,-33.48,-93
8.84,-33.12,-92
8.86,-33.12,-92
8.88,-33.12,-92
8.90,-32.76,-91
8.92,-32.76,-91
8.94,-32.76,-91
8.96,-32.76,-91
8.98,-32.40,-90
9.00,-32.40,-90
9.02,-32.40,-90
9.04,-32.40,-90
9.06,-32.40,-90
9.08,-32.40,-90
9.10,-32.04,-89
9.12,-32.04,-89
9.14,-32.04,-89
9.16,-32.04,-89
9.18,-31.68,-88
9.20,-31.68,-88
9.22,-31.68,-88
9.24,-31.68,-88
9.26,-31.68,-88
9.28,-31.32,-87
9.30,-31.32,-87
9.32,-31.32,-87
9.34,-31.32,-87
9.36,-31.32,-87
9.38,-31.32,-87
9.40,-30.96,-86
9.42,-30.96,-86
9.44,-30.96,-86
9.46,-30.96,-86
9.48,-30.96,-86
9.50,-30.96,-86
9.52,-30.60,-85
9.54,-30.60,-85
9.56,-30.60,-85
9.58,-30.60,-85
9.60,-30.60,-85
9.62,-30.24,-84
9.64,-30.24,-84
9.66,-30.24,-84
9.68,-30.24,-84
9.70,-30.24,-84
9.72,-30.24,-84
9.74,-29.88,-83
9.76,-29.88,-83
9.78,-29.88,-83
9.80,-29.88,-83
9.82,-29.88,-83
9.84,-29.88,-83
9.86,-29.52,-82
9.88,-29.52,-82
9.90,-29.52,-82
9.92,-29.52,-82
9.94,-29.52,-82
9.96,-29.52,-82
9.98,-29.52,-82
10.00,-29.52,-82
10.02,-29.16,-81
10.04,-29.16,-81
10.06,-29.16,-81
10.08,-29.16,-81
10.10,-29.16,-81
10.12,-29.16,-81
10.14,-29.16,-81
10.16,-29.16,-81
10.18,-29.16,-81
10.20,-29.16,-81
10.22,-28.80,-80
10.24,-28.80,-80
10.26,-28.80,-80
10.28,-28.80,-80
10.30,-28.80,-80
10.32,-28.80,-80
10.34,-28.80,-80
10.36,-28.80,-80
10.38,-28.80,-80
10.40,-28.80,-80
10.42,-28.80,-80
10.44,-28.80,-80
10.46,-28.80,-80
10.48,-28.80,-80
10.50,-28.44,-79
10.52,-28.44,-79
10.54,-28.44,-79
10.56,-28.44,-79
10.58,-28.44,-79
10.60,-28.44,-79
10.62,-28.44,-79
10.64,-28.44,-79
10.66,-28.44,-79
10.68,-28.44,-79
10.70,-28.44,-79
10.72,-28.08,-78
10.74,-28.08,-78
10.76,-28.08,-78
10.78,-28.08,-78
10.80,-28.08,-78
10.82,-28.08,-78
10.84,-28.08,-78
10.86,-28.08,-78
10.88,-28.08,-78
10.90,-28.08,-78
10.92,-28.08,-78
10.94,-28.08,-78
10.96,-28.08,-78
10.98,-28.08,-78
11.00,-28.08,-78
11.02,-28.08,-78
11.04,-28.08,-78
11.06,-28.08,-78
11.08,-28.08,-78
11.10,-28.08,-78
11.12,-28.08,-78
11.14,-28.08,-78
11.16,-28.08,-78
11.18,-28.08,-78
11.20,-28.08,-78
11.22,-28.08,-78
11.24,-28.08,-78
11.26,-28.08,-78
11.28,-28.08,-78
11.30,-28.08,-78
11.32,-28.08,-78
11.34,-28.08,-78
11.36,-28.08,-78
11.38,-28.08,-78
11.40,-28.08,-78
11.42,-28.08,-78
11.44,-28.08,-78
11.46,-27.72,-77
11.48,-27.72,-77
11.50,-27.72,-77
11.52,-27.72,-77
11.54,-27.72,-77
11.56,-27.72,-77
11.58,-27.72,-77
11.60,-27.72,-77
11.62,-27.36,-76
11.64,-27.36,-76
11.66,-27.36,-76
11.68,-27.36,-76
11.70,-27.36,-76
11.72,-27.36,-76
11.74,-27.00,-75
11.76,-27.00,-75
11.78,-27.00,-75
11.80,-27.00,-75
11.82,-26.64,-74
11.84,-26.64,-74
11.86,-26.64,-74
11.88,-26.64,-74
11.90,-26.64,-74
11.92,-26.28,-73
11.94,-26.28,-73
11.96,-26.28,-73
11.98,-26.28,-73
12.00,-26.28,-73
12.02,-25.92,-72
12.04,-25.92,-72
12.06,-25.92,-72
12.08,-25.92,-72
12.10,-25.92,-72
12.12,-25.92,-72
12.14,-25.56,-71
12.16,-25.56,-71
12.18,-25.56,-71
12.20,-25.56,-71
12.22,-25.56,-71
12.24,-25.20,-70
12.26,-25.20,-70
12.28,-25.20,-70
12.30,-25.20,-70
12.32,-24.84,-69
12.34,-24.84,-69
12.36,-24.84,-69
12.38,-24.84,-69
12.40,-24.84,-69
12.42,-24.84,-69
12.44,-24.48,-68
12.46,-24.48,-68
12.48,-24.48,-68
12.50,-24.48,-68
12.52,-24.48,-68
12.54,-24.48,-68
12.56,-24.48,-68
12.58,-24.12,-67
12.60,-24.12,-67
12.62,-24.12,-67
12.64,-24.12,-67
12.66,-24.12,-67
12.68,-24.12,-67
12.70,-24.12,-67
12.72,-23.76,-66
12.74,-23.76,-66
12.76,-23.76,-66
12.78,-23.76,-66
12.80,-23.76,-66
12.82,-23.76,-66
12.84,-23.76,-66
12.86,-23.40,-65
12.88,-23.40,-65
12.90,-23.40,-65
12.92,-23.40,-65
12.94,-23.40,-65
12.96,-23.40,-65
12.98,-23.40,-65
13.00,-23.40,-65
13.02,-23.40,-65
13.04,-23.40,-65
13.06,-23.04,-64
13.08,-23.04,-64
13.10,-23.04,-64
13.12,-23.04,-64
13.14,-23.04,-64
13.16,-23.04,-64
13.18,-23.04,-64
13.20,-23.04,-64
13.22,-23.04,-64
13.24,-23.04,-64
13.26,-23.04,-64
13.28,-22.68,-63
13.30,-22.68,-63
13.32,-22.68,-63
13.34,-22.68,-63
13.36,-22.68,-63
13.38,-22.68,-63
13.40,-22.68,-63
13.42,-22.68,-63
13.44,-22.68,-63
13.46,-22.32,-62
13.48,-22.32,-62
13.50,-22.32,-62
13.52,-22.32,-62
13.54,-22.32,-62
13.56,-22.32,-62
13.58,-22.32,-62
13.60,-21.96,-61
13.62,-21.96,-61
13.64,-21.96,-61
13.66,-21.96,-61
13.68,-21.96,-61
13.70,-21.96,-61
13.72,-21.96,-61
13.74,-21.96,-61
13.76,-21.96,-61
13.78,-21.96,-61
13.80,-21.96,-61
13.82,-21.96,-61
13.84,-21.96,-61
13.86,-21.96,-61
13.88,-21.96,-61
13.90,-21.96,-61
13.92,-21.96,-61
13.94,-21.96,-61
13.96,-21.96,-61
13.98,-21.96,-61
14.00,-21.96,-61
14.02,-21.96,-61
14.04,-21.96,-61
14.06,-21.96,-61
14.08,-21.96,-61
14.10,-21.96,-61
14.12,-21.96,-61
14.14,-21.96,-61
14.16,-21.96,-61
14.18,-21.96,-61
14.20,-21.96,-61
14.22,-21.96,-61
14.24,-21.96,-61
14.26,-21.96,-61
14.28,-21.96,-61
14.30,-21.96,-61
14.32,-22.32,-62
14.34,-22.32,-62
14.36,-22.32,-62
14.38,-22.32,-62
14.40,-22.32,-62
14.42,-22.32,-62
14.44,-22.32,-62
14.46,-22.32,-62
14.48,-22.32,-62
14.50,-22.32,-62
14.52,-22.32,-62
14.54,-22.32,-62
14.56,-22.32,-62
14.58,-22.32,-62
14.60,-22.32,-62
14.62,-22.32,-62
14.64,-22.32,-62
14.66,-22.32,-62
14.68,-22.32,-62
14.70,-22.32,-62
14.72,-22.32,-62
14.74,-22.32,-62
14.76,-22.32,-62
14.78,-22.32,-62
14.80,-22.32,-62
14.82,-22.32,-62
14.84,-22.32,-62
14.86,-22.32,-62
14.88,-22.32,-62
14.90,-22.32,-62
14.92,-22.32,-62
14.94,-22.32,-62
14.96,-22.32,-62
14.98,-22.32,-62
15.00,-22.32,-62
15.02,-22.32,-62
15.04,-22.32,-62
15.06,-22.32,-62
15.08,-22.32,-62
15.10,-22.32,-62
15.12,-22.32,-62
15.14,-22.32,-62
15.16,-22.32,-62
15.18,-22.32,-62
15.20,-22.32,-62
15.22,-22.32,-62
15.24,-22.32,-62
15.26,-22.32,-62
15.28,-22.32,-62
15.30,-22.32,-62
15.32,-22.32,-62
15.34,-22.32,-62
15.36,-22.32,-62
15.38,-21.96,-61
15.40,-21.96,-61
15.42,-21.96,-61
15.44,-21.96,-61
15.46,-21.96,-61
15.48,-21.96,-61
15.50,-21.96,-61
15.52,-21.96,-61
15.54,-21.96,-61
15.56,-21.96,-61
15.58,-21.96,-61
15.60,-21.60,-60
15.62,-21.60,-60
15.64,-21.60,-60
15.66,-21.60,-60
15.68,-21.60,-60
15.70,-21.60,-60
15.72,-21.60,-60
15.74,-21.60,-60
15.76,-21.60,-60
15.78,-21.60,-60
15.80,-21.24,-59
15.82,-21.24,-59
15.84,-21.24,-59
15.86,-21.24,-59
15.88,-21.24,-59
15.90,-21.24,-59
15.92,-21.24,-59
15.94,-21.24,-59
15.96,-21.24,-59
15.98,-21.24,-59
16.00,-21.24,-59
16.02,-21.24,-59
16.04,-21.24,-59
16.06,-21.24,-59
16.08,-21.24,-59
16.10,-21.24,-59
16.12,-21.24,-59
16.14,-21.24,-59
16.16,-21.24,-59
16.18,-21.24,-59
16.20,-21.24,-59
16.22,-21.24,-59
16.24,-21.24,-59
16.26,-21.24,-59
16.28,-21.24,-59
16.30,-21.24,-59
16.32,-21.24,-59
16.34,-21.24,-59
16.36,-21.24,-59
16.38,-21.24,-59
16.40,-21.24,-59
16.42,-20.88,-58
16.44,-20.88,-58
16.46,-20.88,-58
16.48,-20.88,-58
16.50,-20.88,-58
16.52,-20.88,-58
16.54,-20.88,-58
16.56,-20.88,-58
16.58,-20.88,-58
16.60,-20.88,-58
16.62,-20.88,-58
16.64,-20.88,-58
16.66,-20.88,-58
16.68,-20.88,-58
16.70,-20.88,-58
16.72,-20.88,-58
16.74,-20.88,-58
16.76,-20.88,-58
16.78,-20.88,-58
16.80,-20.88,-58
16.82,-20.88,-58
16.84,-20.88,-58
16.86,-20.88,-58
16.88,-20.88,-58
16.90,-20.88,-58
16.92,-20.88,-58
16.94,-20.88,-58
16.96,-20.88,-58
16.98,-21.24,-59
17.00,-21.24,-59
17.02,-21.24,-59
17.04,-21.24,-59
17.06,-21.24,-59
17.08,-21.24,-59
17.10,-21.24,-59
17.12,-21.24,-59
17.14,-21.24,-59
17.16,-21.24,-59
17.18,-21.24,-59
17.20,-21.24,-59
17.22,-21.24,-59
17.24,-21.24,-59
17.26,-21.24,-59
17.28,-21.24,-59
17.30,-21.24,-59
17.32,-21.24,-59
17.34,-21.24,-59
17.36,-21.24,-59
17.38,-21.24,-59
17.40,-21.24,-59
17.42,-21.24,-59
17.44,-21.24,-59
17.46,-21.24,-59
17.48,-21.24,-59
17.50,-21.24,-59
17.52,-21.24,-59
17.54,-21.24,-59
17.56,-21.24,-59
17.58,-21.24,-59
17.60,-21.24,-59
17.62,-21.24,-59
17.64,-20.88,-58
17.66,-20.88,-58
17.68,-20.16,-56
17.70,-19.44,-54
17.72,-18.72,-52
17.74,-17.64,-49
17.76,-16.56,-46
17.78,-15.48,-43
17.80,-14.04,-39
17.82,-12.24,-34
17.84,-10.80,-30
17.86,-9.00,-25
17.88,-7.20,-20
17.90,-5.40,-15
17.92,-3.60,-10
17.94,-1.44,-4
17.96,0.36,1
17.98,2.16,6
18.00,4.32,12
18.02,6.12,17
18.04,7.92,22
18.06,9.36,26
18.08,11.16,31
18.10,12.60,35
18.12,14.04,39
18.14,15.12,42
18.16,16.20,45
18.18,17.28,48
18.20,18.00,50
18.22,18.72,52
18.24,19.08,53
18.26,19.44,54
18.28,19.44,54
18.30,19.44,54
18.32,19.08,53
18.34,18.72,52
18.36,18.00,50
18.38,17.28,48
18.40,16.56,46
18.42,15.48,43
18.44,14.04,39
18.46,12.60,35
18.48,11.16,31
18.50,9.72,27
18.52,7.92,22
18.54,6.12,17
18.56,4.32,12
18.58,2.52,7
18.60,0.72,2
18.62,-1.08,-3
18.64,-3.24,-9
18.66,-5.04,-14
18.68,-6.84,-19
18.70,-8.64,-24
18.72,-10.08,-28
18.74,-11.88,-33
18.76,-13.32,-37
18.78,-14.76,-41
18.80,-15.84,-44
18.82,-16.92,-47
18.84,-18.00,-50
18.86,-18.72,-52
18.88,-19.44,-54
18.90,-19.80,-55
18.92,-20.16,-56
18.94,-20.16,-56
18.96,-20.16,-56
18.98,-19.80,-55
19.00,-19.44,-54
19.02,-18.72,-52
19.04,-18.00,-50
19.06,-16.92,-47
19.08,-16.20,-45
19.10,-14.76,-41
19.12,-13.32,-37
19.14,-11.88,-33
19.16,-10.44,-29
19.18,-9.00,-25
19.20,-7.20,-20
19.22,-5.40,-15
19.24,-3.60,-10
19.26,-1.80,-5
19.28,0.36,1
19.30,2.16,6
19.32,3.96,11
19.34,5.76,16
19.36,7.56,21
19.38,9.00,25
19.40,10.80,30
19.42,12.24,34
19.44,13.32,37
19.46,14.76,41
19.48,15.84,44
19.50,16.92,47
19.52,17.64,49
19.54,18.36,51
19.56,18.72,52
19.58,19.08,53
19.60,19.08,53
19.62,18.72,52
19.64,18.72,52
19.66,18.36,51
19.68,17.64,49
19.70,16.92,47
19.72,16.20,45
19.74,15.12,42
19.76,14.04,39
19.78,12.60,35
19.80,11.16,31
19.82,9.72,27
19.84,8.28,23
19.86,6.48,18
19.88,4.68,13
19.90,2.88,8
19.92,1.08,3
19.94,-0.72,-2
19.96,-2.52,-7
19.98,-4.32,-12
20.00,-6.12,-17
20.02,-7.92,-22
20.04,-9.36,-26
20.06,-11.16,-31
20.08,-12.60,-35
20.10,-14.04,-39
20.12,-15.12,-42
20.14,-16.20,-45
20.16,-17.28,-48
20.18,-18.00,-50
20.20,-18.72,-52
20.22,-19.08,-53
20.24,-19.44,-54
20.26,-19.44,-54
20.28,-19.44,-54
20.30,-19.08,-53
20.32,-18.72,-52
20.34,-18.36,-51
20.36,-17.64,-49
20.38,-16.92,-47
20.40,-15.84,-44
20.42,-14.76,-41
20.44,-13.32,-37
20.46,-11.88,-33
20.48,-10.44,-29
20.50,-9.00,-25
20.52,-7.20,-20
20.54,-5.76,-16
20.56,-3.96,-11
20.58,-2.16,-6
20.60,-0.36,-1
20.62,1.44,4
20.64,3.24,9
20.66,5.04,14
20.68,6.84,19
20.70,8.28,23
20.72,10.08,28
20.74,11.52,32
20.76,12.60,35
20.78,14.04,39
20.80,15.12,42
20.82,15.84,44
20.84,16.92,47
20.86,17.64,49
20.88,18.00,50
20.90,18.36,51
20.92,18.36,51
20.94,18.36,51
20.96,18.00,50
20.98,17.64,49
21.00,17.28,48
21.02,16.56,46
21.04,15.84,44
21.06,14.76,41
21.08,13.68,38
21.10,12.60,35
21.12,11.16,31
21.14,9.72,27
21.16,8.28,23
21.18,6.48,18
21.20,5.04,14
21.22,3.24,9
21.24,1.44,4
21.26,-0.36,-1
21.28,-2.16,-6
21.30,-3.96,-11
21.32,-5.40,-15
21.34,-7.20,-20
21.36,-9.00,-25
21.38,-10.44,-29
21.40,-11.88,-33
21.42,-13.32,-37
21.44,-14.40,-40
21.46,-15.48,-43
21.48,-16.56,-46
21.50,-17.28,-48
21.52,-18.00,-50
21.54,-18.36,-51
21.56,-18.72,-52
21.58,-19.08,-53
21.60,-19.08,-53
21.62,-19.08,-53
21.64,-18.72,-52
21.66,-18.36,-51
21.68,-17.64,-49
21.70,-16.92,-47
21.72,-15.84,-44
21.74,-14.76,-41
21.76,-13.68,-38
21.78,-12.24,-34
21.80,-10.80,-30
21.82,-9.36,-26
21.84,-7.92,-22
21.86,-6.12,-17
21.88,-4.32,-12
21.90,-2.88,-8
21.92,-1.08,-3
21.94,0.72,2
21.96,2.52,7
21.98,4.32,12
22.00,5.76,16
22.02,7.56,21
22.04,9.00,25
22.06,10.44,29
22.08,11.52,32
22.10,12.96,36
22.12,14.04,39
22.14,15.12,42
22.16,15.84,44
22.18,16.56,46
22.20,16.92,47
22.22,17.28,48
22.24,17.64,49
22.26,17.64,49
22.28,17.64,49
22.30,17.28,48
22.32,16.92,47
22.34,16.20,45
22.36,15.48,43
22.38,14.40,40
22.40,13.68,38
22.42,12.24,34
22.44,11.16,31
22.46,9.72,27
22.48,8.28,23
22.50,6.84,19
22.52,5.04,14
22.54,3.60,10
22.56,1.80,5
22.58,0.00,0
22.60,-1.80,-5
22.62,-3.24,-9
22.64,-5.04,-14
22.66,-6.84,-19
22.68,-8.28,-23
22.70,-9.72,-27
22.72,-11.16,-31
22.74,-12.60,-35
22.76,-13.68,-38
22.78,-14.76,-41
22.80,-15.84,-44
22.82,-16.56,-46
22.84,-17.28,-48
22.86,-17.64,-49
22.88,-18.00,-50
22.90,-18.36,-51
22.92,-18.36,-51
22.94,-18.00,-50
22.96,-17.64,-49
22.98,-17.28,-48
23.00,-16.92,-47
23.02,-16.20,-45
23.04,-15.12,-42
23.06,-14.04,-39
23.08,-12.96,-36
23.10,-11.88,-33
23.12,-10.44,-29
23.14,-9.00,-25
23.16,-7.56,-21
23.18,-5.76,-16
23.20,-4.32,-12
23.22,-2.52,-7
23.24,-1.08,-3
23.26,0.72,2
23.28,2.52,7
23.30,3.96,11
23.32,5.76,16
23.34,7.20,20
23.36,8.64,24
23.38,10.08,28
23.40,11.52,32
23.42,12.60,35
23.44,13.68,38
23.46,14.76,41
23.48,15.48,43
23.50,16.20,45
23.52,16.56,46
23.54,16.92,47
23.56,17.28,48
23.58,17.28,48
23.60,16.92,47
23.62,16.92,47
23.64,16.20,45
23.66,15.84,44
23.68,15.12,42
23.70,14.40,40
23.72,13.32,37
23.74,12.24,34
23.76,10.80,30
23.78,9.72,27
23.80,8.28,23
23.82,6.84,19
23.84,5.04,14
23.86,3.60,10
23.88,1.80,5
23.90,0.36,1
23.92,-1.44,-4
23.94,-2.88,-8
23.96,-4.68,-13
23.98,-6.12,-17
24.00,-7.92,-22
24.02,-9.36,-26
24.04,-10.44,-29
24.06,-11.88,-33
24.08,-12.96,-36
24.10,-14.04,-39
24.12,-15.12,-42
24.14,-15.84,-44
24.16,-16.56,-46
24.18,-17.28,-48
24.20,-17.64,-49
24.22,-17.64,-49
24.24,-17.64,-49
24.26,-17.64,-49
24.28,-17.28,-48
24.30,-16.92,-47
24.32,-16.20,-45
24.34,-15.84,-44
24.36,-14.76,-41
24.38,-14.04,-39
24.40,-12.96,-36
24.42,-11.52,-32
24.44,-10.44,-29
24.46,-9.00,-25
24.48,-7.56,-21
24.50,-6.12,-17
24.52,-4.32,-12
24.54,-2.88,-8
24.56,-1.08,-3
24.58,0.36,1
24.60,2.16,6
24.62,3.60,10
24.64,5.40,15
24.66,6.84,19
24.68,8.28,23
24.70,9.72,27
24.72,10.80,30
24.74,11.88,33
24.76,12.96,36
24.78,14.04,39
24.80,14.76,41
24.82,15.48,43
24.84,16.20,45
24.86,16.56,46
24.88,16.56,46
24.90,16.56,46
24.92,16.56,46
24.94,16.20,45
24.96,15.84,44
24.98,15.48,43
25.00,14.76,41
25.02,14.04,39
25.04,12.96,36
25.06,11.88,33
25.08,10.80,30
25.10,9.36,26
25.12,8.28,23
25.14,6.84,19
25.16,5.40,15
25.18,3.60,10
25.20,2.16,6
25.22,0.36,1
25.24,-1.08,-3
25.26,-2.52,-7
25.28,-4.32,-12
25.30,-5.76,-16
25.32,-7.20,-20
25.34,-8.64,-24
25.36,-10.08,-28
25.38,-11.16,-31
25.40,-12.60,-35
25.42,-13.68,-38
25.44,-14.40,-40
25.46,-15.48,-43
25.48,-15.84,-44
25.50,-16.56,-46
25.52,-16.92,-47
25.54,-17.28,-48
25.56,-17.28,-48
25.58,-17.28,-48
25.60,-17.28,-48
25.62,-16.92,-47
25.64,-16.20,-45
25.66,-15.48,-43
25.68,-14.76,-41
25.70,-14.04,-39
25.72,-12.96,-36
25.74,-11.88,-33
25.76,-10.44,-29
25.78,-9.36,-26
25.80,-7.92,-22
25.82,-6.48,-18
25.84,-4.68,-13
25.86,-3.24,-9
25.88,-1.80,-5
25.90,0.00,0
25.92,1.44,4
25.94,2.88,8
25.96,4.32,12
25.98,6.12,17
26.00,7.20,20
26.02,8.64,24
26.04,10.08,28
26.06,11.16,31
26.08,12.24,34
26.10,12.96,36
26.12,14.04,39
26.14,14.40,40
26.16,15.12,42
26.18,15.48,43
26.20,15.84,44
26.22,15.84,44
26.24,15.84,44
26.26,15.84,44
26.28,15.48,43
26.30,14.76,41
26.32,14.40,40
26.34,13.68,38
26.36,12.60,35
26.38,11.52,32
26.40,10.44,29
26.42,9.36,26
26.44,7.92,22
26.46,6.48,18
26.48,5.40,15
26.50,3.60,10
26.52,2.16,6
26.54,0.72,2
26.56,-0.72,-2
26.58,-2.52,-7
26.60,-3.96,-11
26.62,-5.40,-15
26.64,-6.84,-19
26.66,-8.28,-23
26.68,-9.72,-27
26.70,-10.80,-30
26.72,-11.88,-33
26.74,-12.96,-36
26.76,-14.04,-39
26.78,-14.76,-41
26.80,-15.48,-43
26.82,-15.84,-44
26.84,-16.20,-45
26.86,-16.56,-46
26.88,-16.56,-46
26.90,-16.56,-46
26.92,-16.20,-45
26.94,-15.84,-44
26.96,-15.48,-43
26.98,-14.76,-41
27.00,-14.04,-39
27.02,-13.32,-37
27.04,-12.24,-34
27.06,-11.16,-31
27.08,-10.08,-28
27.10,-8.64,-24
27.12,-7.20,-20
27.14,-6.12,-17
27.16,-4.68,-13
27.18,-2.88,-8
27.20,-1.44,-4
27.22,0.00,0
27.24,1.44,4
27.26,2.88,8
27.28,4.68,13
27.30,5.76,16
27.32,7.20,20
27.34,8.64,24
27.36,9.72,27
27.38,10.80,30
27.40,11.88,33
27.42,12.96,36
27.44,13.68,38
27.46,14.40,40
27.48,14.76,41
27.50,15.12,42
27.52,15.48,43
27.54,15.48,43
27.56,15.48,43
27.58,15.12,42
27.60,14.76,41
27.62,14.40,40
27.64,13.68,38
27.66,12.96,36
27.68,12.24,34
27.70,11.16,31
27.72,10.44,29
27.74,9.00,25
27.76,7.92,22
27.78,6.48,18
27.80,5.04,14
27.82,3.60,10
27.84,2.16,6
27.86,0.72,2
27.88,-0.72,-2
27.90,-2.16,-6
27.92,-3.60,-10
27.94,-5.04,-14
27.96,-6.48,-18
27.98,-7.92,-22
28.00,-9.00,-25
28.02,-10.44,-29
28.04,-11.52,-32
28.06,-12.60,-35
28.08,-13.32,-37
28.10,-14.04,-39
28.12,-14.76,-41
28.14,-15.48,-43
28.16,-15.84,-44
28.18,-15.84,-44
28.20,-16.20,-45
28.22,-16.20,-45
28.24,-16.20,-45
28.26,-15.84,-44
28.28,-15.48,-43
28.30,-14.76,-41
28.32,-14.04,-39
28.34,-13.32,-37
28.36,-12.24,-34
28.38,-11.16,-31
28.40,-10.08,-28
28.42,-9.00,-25
28.44,-7.56,-21
28.46,-6.12,-17
28.48,-4.68,-13
28.50,-3.24,-9
28.52,-1.80,-5
28.54,-0.36,-1
28.56,1.08,3
28.58,2.52,7
28.60,3.96,11
28.62,5.40,15
28.64,6.48,18
28.66,7.92,22
28.68,9.00,25
28.70,10.08,28
28.72,11.16,31
28.74,11.88,33
28.76,12.60,35
28.78,13.32,37
28.80,14.04,39
28.82,14.40,40
28.84,14.76,41
28.86,14.76,41
28.88,14.76,41
28.90,14.76,41
28.92,14.40,40
28.94,14.04,39
28.96,13.32,37
28.98,12.60,35
29.00,11.88,33
29.02,11.16,31
29.04,10.08,28
29.06,9.00,25
29.08,7.56,21
29.10,6.48,18
29.12,5.04,14
29.14,3.60,10
29.16,2.16,6
29.18,0.72,2
29.20,-0.72,-2
29.22,-2.16,-6
29.24,-3.60,-10
29.26,-5.04,-14
29.28,-6.12,-17
29.30,-7.56,-21
29.32,-8.64,-24
29.34,-10.08,-28
29.36,-11.16,-31
29.38,-11.88,-33
29.40,-12.96,-36
29.42,-13.68,-38
29.44,-14.40,-40
29.46,-14.76,-41
29.48,-15.12,-42
29.50,-15.48,-43
29.52,-15.48,-43
29.54,-15.48,-43
29.56,-15.12,-42
29.58,-14.76,-41
29.60,-14.40,-40
29.62,-14.04,-39
29.64,-13.32,-37
29.66,-12.60,-35
29.68,-11.52,-32
29.70,-10.44,-29
29.72,-9.36,-26
29.74,-8.28,-23
29.76,-7.20,-20
29.78,-5.76,-16
29.80,-4.32,-12
29.82,-2.88,-8
29.84,-1.80,-5
29.86,-0.36,-1
29.88,1.08,3
29.90,2.52,7
29.92,3.96,11
29.94,5.40,15
29.96,6.48,18
29.98,7.92,22
30.00,9.00,25
30.02,10.08,28
30.04,11.16,31
30.06,11.88,33
30.08,12.60,35
30.10,13.32,37
30.12,13.68,38
30.14,14.04,39
30.16,14.40,40
30.18,14.40,40
30.20,14.40,40
30.22,14.04,39
30.24,14.04,39
30.26,13.32,37
30.28,12.96,36
30.30,12.24,34
30.32,11.52,32
30.34,10.80,30
30.36,9.72,27
30.38,8.64,24
30.40,7.56,21
30.42,6.12,17
30.44,5.04,14
30.46,3.60,10
30.48,2.16,6
30.50,0.72,2
30.52,-0.36,-1
30.54,-1.80,-5
30.56,-3.24,-9
30.58,-4.68,-13
30.60,-6.12,-17
30.62,-7.20,-20
30.64,-8.28,-23
30.66,-9.72,-27
30.68,-10.44,-29
30.70,-11.52,-32
30.72,-12.24,-34
30.74,-13.32,-37
30.76,-13.68,-38
30.78,-14.40,-40
30.80,-14.76,-41
30.82,-14.76,-41
30.84,-15.12,-42
30.86,-15.12,-42
30.88,-15.12,-42
30.90,-14.76,-41
30.92,-14.40,-40
30.94,-14.04,-39
30.96,-13.32,-37
30.98,-12.60,-35
31.00,-11.52,-32
31.02,-10.80,-30
31.04,-9.72,-27
31.06,-8.64,-24
31.08,-7.20,-20
31.10,-6.12,-17
31.12,-4.68,-13
31.14,-3.24,-9
31.16,-2.16,-6
31.18,-0.72,-2
31.20,0.72,2
31.22,2.16,6
31.24,3.60,10
31.26,4.68,13
31.28,6.12,17
31.30,7.20,20
31.32,8.28,23
31.34,9.36,26
31.36,10.08,28
31.38,11.16,31
31.40,11.88,33
31.42,12.24,34
31.44,12.96,36
31.46,13.32,37
31.48,13.68,38
31.50,13.68,38
31.52,13.68,38
31.54,13.68,38
31.56,13.32,37
31.58,12.96,36
31.60,12.60,35
31.62,11.88,33
31.64,11.16,31
31.66,10.44,29
31.68,9.36,26
31.70,8.28,23
31.72,7.20,20
31.74,6.12,17
31.76,4.68,13
31.78,3.60,10
31.80,2.16,6
31.82,0.72,2
31.84,-0.36,-1
31.86,-1.80,-5
31.88,-3.24,-9
31.90,-4.32,-12
31.92,-5.76,-16
31.94,-6.84,-19
31.96,-8.28,-23
31.98,-9.36,-26
32.00,-10.08,-28
32.02,-11.16,-31
32.04,-11.88,-33
32.06,-12.60,-35
32.08,-13.32,-37
32.10,-13.68,-38
32.12,-14.04,-39
32.14,-14.40,-40
32.16,-14.40,-40
32.18,-14.40,-40
32.20,-14.04,-39
32.22,-14.04,-39
32.24,-13.68,-38
32.26,-12.96,-36
32.28,-12.60,-35
32.30,-11.88,-33
32.32,-10.80,-30
32.34,-10.08,-28
32.36,-9.00,-25
32.38,-7.92,-22
32.40,-6.84,-19
32.42,-5.40,-15
32.44,-4.32,-12
32.46,-2.88,-8
32.48,-1.80,-5
32.50,-0.36,-1
32.52,1.08,3
32.54,2.16,6
32.56,3.60,10
32.58,4.68,13
32.60,6.12,17
32.62,7.20,20
32.64,8.28,23
32.66,9.36,26
32.68,10.08,28
32.70,10.80,30
32.72,11.52,32
32.74,12.24,34
32.76,12.60,35
32.78,12.96,36
32.80,13.32,37
32.82,13.32,37
32.84,13.32,37
32.86,13.32,37
32.88,12.96,36
32.90,12.60,35
32.92,11.88,33
32.94,11.52,32
32.96,10.80,30
32.98,9.72,27
33.00,9.00,25
33.02,7.92,22
33.04,6.84,19
33.06,5.76,16
33.08,4.68,13
33.10,3.24,9
33.12,2.16,6
33.14,0.72,2
33.16,-0.36,-1
33.18,-1.80,-5
33.20,-2.88,-8
33.22,-4.32,-12
33.24,-5.40,-15
33.26,-6.84,-19
33.28,-7.92,-22
33.30,-9.00,-25
33.32,-9.72,-27
33.34,-10.80,-30
33.36,-11.52,-32
33.38,-12.24,-34
33.40,-12.96,-36
33.42,-13.32,-37
33.44,-13.68,-38
33.46,-14.04,-39
33.48,-14.04,-39
33.50,-14.04,-39
33.52,-14.04,-39
33.54,-13.68,-38
33.56,-13.32,-37
33.58,-12.96,-36
33.60,-12.24,-34
33.62,-11.52,-32
33.64,-10.80,-30
33.66,-10.08,-28
33.68,-9.00,-25
33.70,-7.92,-22
33.72,-6.84,-19
33.74,-5.76,-16
33.76,-4.32,-12
33.78,-3.24,-9
33.80,-1.80,-5
33.82,-0.72,-2
33.84,0.72,2
33.86,1.80,5
33.88,3.24,9
33.90,4.32,12
33.92,5.40,15
33.94,6.48,18
33.96,7.56,21
33.98,8.64,24
34.00,9.36,26
34.02,10.08,28
34.04,10.80,30
34.06,11.52,32
34.08,11.88,33
34.10,12.24,34
34.12,12.60,35
34.14,12.60,35
34.16,12.24,34
34.18,12.24,34
34.20,11.88,33
34.22,11.52,32
34.24,11.16,31
34.26,10.44,29
34.28,10.08,28
34.30,9.00,25
34.32,8.28,23
34.34,7.20,20
34.36,6.12,17
34.38,5.04,14
34.40,3.96,11
34.42,2.88,8
34.44,1.80,5
34.46,0.36,1
34.48,-0.72,-2
34.50,-2.16,-6
34.52,-3.24,-9
34.54,-4.68,-13
34.56,-5.76,-16
34.58,-6.84,-19
34.60,-7.92,-22
34.62,-9.00,-25
34.64,-9.72,-27
34.66,-10.80,-30
34.68,-11.52,-32
34.70,-12.24,-34
34.72,-12.60,-35
34.74,-13.32,-37
34.76,-13.68,-38
34.78,-13.68,-38
34.80,-13.68,-38
34.82,-14.04,-39
34.84,-14.04,-39
34.86,-13.68,-38
34.88,-13.32,-37
34.90,-12.96,-36
34.92,-12.24,-34
34.94,-11.52,-32
34.96,-10.80,-30
34.98,-10.08,-28
35.00,-9.00,-25
35.02,-7.92,-22
35.04,-6.84,-19
35.06,-5.76,-16
35.08,-4.68,-13
35.10,-3.60,-10
35.12,-2.16,-6
35.14,-1.08,-3
35.16,0.36,1
35.18,1.44,4
35.20,2.52,7
35.22,3.96,11
35.24,5.04,14
35.26,6.12,17
35.28,6.84,19
35.30,7.92,22
35.32,8.64,24
35.34,9.36,26
35.36,10.08,28
35.38,10.80,30
35.40,11.16,31
35.42,11.52,32
35.44,11.52,32
35.46,11.88,33
35.48,11.88,33
35.50,11.88,33
35.52,11.52,32
35.54,11.16,31
35.56,10.80,30
35.58,10.08,28
35.60,9.36,26
35.62,8.64,24
35.64,7.92,22
35.66,6.84,19
35.68,6.12,17
35.70,5.04,14
35.72,3.96,11
35.74,2.52,7
35.76,1.44,4
35.78,0.36,1
35.80,-0.72,-2
35.82,-2.16,-6
35.84,-3.24,-9
35.86,-4.32,-12
35.88,-5.40,-15
35.90,-6.48,-18
35.92,-7.56,-21
35.94,-8.64,-24
35.96,-9.72,-27
35.98,-10.44,-29
36.00,-11.16,-31
36.02,-11.88,-33
36.04,-12.24,-34
36.06,-12.60,-35
36.08,-12.96,-36
36.10,-13.32,-37
36.12,-13.32,-37
36.14,-13.32,-37
36.16,-12.96,-36
36.18,-12.96,-36
36.20,-12.60,-35
36.22,-11.88,-33
36.24,-11.52,-32
36.26,-10.80,-30
36.28,-10.08,-28
36.30,-9.36,-26
36.32,-8.28,-23
36.34,-7.20,-20
36.36,-6.12,-17
36.38,-5.04,-14
36.40,-3.96,-11
36.42,-2.88,-8
36.44,-1.80,-5
36.46,-0.72,-2
36.48,0.72,2
36.50,1.80,5
36.52,2.88,8
36.54,3.96,11
36.56,5.04,14
36.58,6.12,17
36.60,7.20,20
36.62,7.92,22
36.64,8.64,24
36.66,9.36,26
36.68,10.08,28
36.70,10.44,29
36.72,11.16,31
36.74,11.16,31
36.76,11.52,32
36.78,11.52,32
36.80,11.52,32
36.82,11.16,31
36.84,11.16,31
36.86,10.80,30
36.88,10.08,28
36.90,9.72,27
36.92,9.00,25
36.94,8.28,23
36.96,7.56,21
36.98,6.48,18
37.00,5.76,16
37.02,4.68,13
37.04,3.60,10
37.06,2.52,7
37.08,1.44,4
37.10,0.36,1
37.12,-1.08,-3
37.14,-2.16,-6
37.16,-3.24,-9
37.18,-4.32,-12
37.20,-5.40,-15
37.22,-6.48,-18
37.24,-7.56,-21
37.26,-8.28,-23
37.28,-9.36,-26
37.30,-10.08,-28
37.32,-10.80,-30
37.34,-11.52,-32
37.36,-11.88,-33
37.38,-12.24,-34
37.40,-12.60,-35
37.42,-12.60,-35
37.44,-12.96,-36
37.46,-12.96,-36
37.48,-12.96,-36
37.50,-12.60,-35
37.52,-12.24,-34
37.54,-11.88,-33
37.56,-11.16,-31
37.58,-10.80,-30
37.60,-10.08,-28
37.62,-9.36,-26
37.64,-8.28,-23
37.66,-7.20,-20
37.68,-6.48,-18
37.70,-5.40,-15
37.72,-4.32,-12
37.74,-3.24,-9
37.76,-2.16,-6
37.78,-0.72,-2
37.80,0.36,1
37.82,1.44,4
37.84,2.52,7
37.86,3.60,10
37.88,4.68,13
37.90,5.40,15
37.92,6.48,18
37.94,7.20,20
37.96,7.92,22
37.98,8.64,24
38.00,9.36,26
38.02,9.72,27
38.04,10.08,28
38.06,10.44,29
38.08,10.80,30
38.10,10.80,30
38.12,10.80,30
38.14,10.80,30
38.16,10.44,29
38.18,10.08,28
38.20,9.72,27
38.22,9.36,26
38.24,8.64,24
38.26,7.92,22
38.28,7.20,20
38.30,6.12,17
38.32,5.40,15
38.34,4.32,12
38.36,3.24,9
38.38,2.16,6
38.40,1.08,3
38.42,0.00,0
38.44,-1.08,-3
38.46,-2.16,-6
38.48,-3.24,-9
38.50,-4.32,-12
38.52,-5.40,-15
38.54,-6.48,-18
38.56,-7.20,-20
38.58,-8.28,-23
38.60,-9.00,-25
38.62,-9.72,-27
38.64,-10.44,-29
38.66,-10.80,-30
38.68,-11.52,-32
38.70,-11.88,-33
38.72,-12.24,-34
38.74,-12.24,-34
38.76,-12.24,-34
38.78,-12.24,-34
38.80,-11.88,-33
38.82,-11.88,-33
38.84,-11.52,-32
38.86,-11.16,-31
38.88,-10.44,-29
38.90,-10.08,-28
38.92,-9.36,-26
38.94,-8.28,-23
38.96,-7.56,-21
38.98,-6.84,-19
39.00,-5.76,-16
39.02,-4.68,-13
39.04,-3.60,-10
39.06,-2.52,-7
39.08,-1.44,-4
39.10,-0.36,-1
39.12,0.72,2
39.14,1.80,5
39.16,2.88,8
39.18,3.60,10
39.20,4.68,13
39.22,5.76,16
39.24,6.48,18
39.26,7.20,20
39.28,7.92,22
39.30,8.64,24
39.32,9.36,26
39.34,9.72,27
39.36,10.08,28
39.38,10.44,29
39.40,10.44,29
39.42,10.80,30
39.44,10.80,30
39.46,10.80,30
39.48,10.44,29
39.50,10.08,28
39.52,9.72,27
39.54,9.00,25
39.56,8.64,24
39.58,7.92,22
39.60,7.20,20
39.62,6.12,17
39.64,5.40,15
39.66,4.32,12
39.68,3.60,10
39.70,2.52,7
39.72,1.44,4
39.74,0.36,1
39.76,-0.72,-2
39.78,-1.80,-5
39.80,-2.88,-8
39.82,-3.96,-11
39.84,-4.68,-13
39.86,-5.76,-16
39.88,-6.84,-19
39.90,-7.56,-21
39.92,-8.28,-23
39.94,-9.00,-25
39.96,-9.72,-27
39.98,-10.08,-28
40.00,-10.80,-30
40.02,-11.16,-31
40.04,-11.16,-31
40.06,-11.52,-32
40.08,-11.52,-32
40.10,-11.16,-31
40.12,-11.16,-31
40.14,-10.80,-30
40.16,-10.80,-30
40.18,-10.08,-28
40.20,-9.72,-27
40.22,-9.00,-25
40.24,-8.28,-23
40.26,-7.56,-21
40.28,-6.84,-19
40.30,-6.12,-17
40.32,-5.04,-14
40.34,-3.96,-11
40.36,-3.24,-9
40.38,-2.16,-6
40.40,-1.08,-3
40.42,0.00,0
40.44,1.08,3
40.46,2.16,6
40.48,2.88,8
40.50,3.96,11
40.52,5.04,14
40.54,5.76,16
40.56,6.84,19
40.58,7.56,21
40.60,8.28,23
40.62,8.64,24
40.64,9.36,26
40.66,9.72,27
40.68,10.08,28
40.70,10.44,29
40.72,10.44,29
40.74,10.44,29
40.76,10.44,29
40.78,10.08,28
40.80,10.08,28
40.82,9.72,27
40.84,9.36,26
40.86,8.64,24
40.88,8.28,23
40.90,7.56,21
40.92,6.84,19
40.94,5.76,16
40.96,5.04,14
40.98,4.32,12
41.00,3.24,9
41.02,2.16,6
41.04,1.08,3
41.06,0.36,1
41.08,-0.72,-2
41.10,-1.80,-5
41.12,-2.88,-8
41.14,-3.96,-11
41.16,-4.68,-13
41.18,-5.76,-16
41.20,-6.48,-18
41.22,-7.20,-20
41.24,-7.92,-22
41.26,-8.64,-24
41.28,-9.36,-26
41.30,-9.72,-27
41.32,-10.44,-29
41.34,-10.80,-30
41.36,-10.80,-30
41.38,-11.16,-31
41.40,-11.16,-31
41.42,-11.16,-31
41.44,-11.16,-31
41.46,-10.80,-30
41.48,-10.44,-29
41.50,-10.08,-28
41.52,-9.72,-27
41.54,-9.00,-25
41.56,-8.28,-23
41.58,-7.56,-21
41.60,-6.84,-19
41.62,-6.12,-17
41.64,-5.04,-14
41.66,-4.32,-12
41.68,-3.24,-9
41.70,-2.16,-6
41.72,-1.44,-4
41.74,-0.36,-1
41.76,0.72,2
41.78,1.80,5
41.80,2.52,7
41.82,3.60,10
41.84,4.32,12
41.86,5.40,15
41.88,6.12,17
41.90,6.84,19
41.92,7.56,21
41.94,7.92,22
41.96,8.64,24
41.98,9.00,25
42.00,9.36,26
42.02,9.36,26
42.04,9.72,27
42.06,9.72,27
42.08,9.72,27
42.10,9.72,27
42.12,9.36,26
42.14,9.00,25
42.16,8.64,24
42.18,8.28,23
42.20,7.56,21
42.22,7.20,20
42.24,6.48,18
42.26,5.40,15
42.28,4.68,13
42.30,3.96,11
42.32,2.88,8
42.34,2.16,6
42.36,1.08,3
42.38,0.00,0
42.40,-0.72,-2
42.42,-1.80,-5
42.44,-2.88,-8
42.46,-3.60,-10
42.48,-4.68,-13
42.50,-5.40,-15
42.52,-6.48,-18
42.54,-7.20,-20
42.56,-7.92,-22
42.58,-8.28,-23
42.60,-9.00,-25
42.62,-9.36,-26
42.64,-9.72,-27
42.66,-10.08,-28
42.68,-10.44,-29
42.70,-10.44,-29
42.72,-10.44,-29
42.74,-10.44,-29
42.76,-10.08,-28
42.78,-10.08,-28
42.80,-9.72,-27
42.82,-9.36,-26
42.84,-8.64,-24
42.86,-8.28,-23
42.88,-7.56,-21
42.90,-6.84,-19
42.92,-6.12,-17
42.94,-5.40,-15
42.96,-4.32,-12
42.98,-3.60,-10
43.00,-2.52,-7
43.02,-1.80,-5
43.04,-0.72,-2
43.06,0.00,0
43.08,1.08,3
43.10,2.16,6
43.12,2.88,8
43.14,3.96,11
43.16,4.68,13
43.18,5.40,15
43.20,6.12,17
43.22,6.84,19
43.24,7.56,21
43.26,7.92,22
43.28,8.64,24
43.30,9.00,25
43.32,9.36,26
43.34,9.36,26
43.36,9.72,27
43.38,9.72,27
43.40,9.72,27
43.42,9.72,27
43.44,9.36,26
43.46,9.00,25
43.48,8.64,24
43.50,8.28,23
43.52,7.56,21
43.54,6.84,19
43.56,6.48,18
43.58,5.40,15
43.60,4.68,13
43.62,3.96,11
43.64,3.24,9
43.66,2.16,6
43.68,1.08,3
43.70,0.36,1
43.72,-0.72,-2
43.74,-1.44,-4
43.76,-2.52,-7
43.78,-3.24,-9
43.80,-4.32,-12
43.82,-5.04,-14
43.84,-5.76,-16
43.86,-6.48,-18
43.88,-7.20,-20
43.90,-7.92,-22
43.92,-8.28,-23
43.94,-8.64,-24
43.96,-9.00,-25
43.98,-9.36,-26
44.00,-9.72,-27
44.02,-9.72,-27
44.04,-9.72,-27
44.06,-9.72,-27
44.08,-9.36,-26
44.10,-9.00,-25
44.12,-9.00,-25
44.14,-8.64,-24
44.16,-7.92,-22
44.18,-7.56,-21
44.20,-6.84,-19
44.22,-6.12,-17
44.24,-5.40,-15
44.26,-4.68,-13
44.28,-3.96,-11
44.30,-2.88,-8
44.32,-2.16,-6
44.34,-1.08,-3
44.36,-0.36,-1
44.38,0.72,2
44.40,1.44,4
44.42,2.52,7
44.44,3.24,9
44.46,3.96,11
44.48,5.04,14
44.50,5.76,16
44.52,6.48,18
44.54,7.20,20
44.56,7.56,21
44.58,8.28,23
44.60,8.64,24
44.62,9.00,25
44.64,9.36,26
44.66,9.36,26
44.68,9.36,26
44.70,9.36,26
44.72,9.36,26
44.74,9.00,25
44.76,9.00,25
44.78,8.64,24
44.80,8.28,23
44.82,7.56,21
44.84,7.20,20
44.86,6.48,18
44.88,5.76,16
44.90,5.04,14
44.92,4.32,12
44.94,3.60,10
44.96,2.88,8
44.98,1.80,5
45.00,1.08,3
45.02,0.00,0
45.04,-0.72,-2
45.06,-1.44,-4
45.08,-2.52,-7
45.10,-3.24,-9
45.12,-4.32,-12
45.14,-5.04,-14
45.16,-5.76,-16
45.18,-6.48,-18
45.20,-6.84,-19
45.22,-7.56,-21
45.24,-7.92,-22
45.26,-8.28,-23
45.28,-8.64,-24
45.30,-9.00,-25
45.32,-9.36,-26
45.34,-9.36,-26
45.36,-9.36,-26
45.38,-9.36,-26
45.40,-9.36,-26
45.42,-9.00,-25
45.44,-8.64,-24
45.46,-8.28,-23
45.48,-7.92,-22
45.50,-7.20,-20
45.52,-6.84,-19
45.54,-6.12,-17
45.56,-5.40,-15
45.58,-4.68,-13
45.60,-3.96,-11
45.62,-3.24,-9
45.64,-2.16,-6
45.66,-1.44,-4
45.68,-0.36,-1
45.70,0.36,1
45.72,1.08,3
45.74,2.16,6
45.76,2.88,8
45.78,3.60,10
45.80,4.32,12
45.82,5.04,14
45.84,5.76,16
45.86,6.48,18
45.88,6.84,19
45.90,7.56,21
45.92,7.92,22
45.94,8.28,23
45.96,8.28,23
45.98,8.64,24
46.00,8.64,24
46.02,8.64,24
46.04,8.28,23
46.06,8.28,23
46.08,7.92,22
46.10,7.92,22
46.12,7.20,20
46.14,6.84,19
46.16,6.48,18
46.18,5.76,16
46.20,5.04,14
46.22,4.32,12
46.24,3.60,10
46.26,2.88,8
46.28,2.16,6
46.30,1.44,4
46.32,0.36,1
46.34,-0.36,-1
46.36,-1.08,-3
46.38,-2.16,-6
46.40,-2.88,-8
46.42,-3.60,-10
46.44,-4.32,-12
46.46,-5.04,-14
46.48,-5.76,-16
46.50,-6.48,-18
46.52,-7.20,-20
46.54,-7.56,-21
46.56,-7.92,-22
46.58,-8.28,-23
46.60,-8.64,-24
46.62,-9.00,-25
46.64,-9.00,-25
46.66,-9.36,-26
46.68,-9.36,-26
46.70,-9.36,-26
46.72,-9.36,-26
46.74,-9.00,-25
46.76,-8.64,-24
46.78,-8.28,-23
46.80,-7.92,-22
46.82,-7.20,-20
46.84,-6.84,-19
46.86,-6.12,-17
46.88,-5.40,-15
46.90,-4.68,-13
46.92,-3.96,-11
46.94,-3.24,-9
46.96,-2.52,-7
46.98,-1.44,-4
47.00,-0.72,-2
47.02,0.00,0
47.04,1.08,3
47.06,1.80,5
47.08,2.52,7
47.10,3.24,9
47.12,3.96,11
47.14,4.68,13
47.16,5.40,15
47.18,5.76,16
47.20,6.48,18
47.22,6.84,19
47.24,7.20,20
47.26,7.56,21
47.28,7.56,21
47.30,7.92,22
47.32,7.92,22
47.34,7.92,22
47.36,7.92,22
47.38,7.92,22
47.40,7.56,21
47.42,7.20,20
47.44,6.84,19
47.46,6.48,18
47.48,6.12,17
47.50,5.40,15
47.52,4.68,13
47.54,3.96,11
47.56,3.60,10
47.58,2.52,7
47.60,1.80,5
47.62,1.08,3
47.64,0.36,1
47.66,-0.36,-1
47.68,-1.44,-4
47.70,-2.16,-6
47.72,-2.88,-8
47.74,-3.60,-10
47.76,-4.32,-12
47.78,-5.04,-14
47.80,-5.76,-16
47.82,-6.12,-17
47.84,-6.84,-19
47.86,-7.20,-20
47.88,-7.92,-22
47.90,-8.28,-23
47.92,-8.28,-23
47.94,-8.64,-24
47.96,-8.64,-24
47.98,-9.00,-25
48.00,-9.00,-25
48.02,-9.00,-25
48.04,-8.64,-24
48.06,-8.64,-24
48.08,-8.28,-23
48.10,-7.92,-22
48.12,-7.56,-21
48.14,-6.84,-19
48.16,-6.48,-18
48.18,-5.76,-16
48.20,-5.04,-14
48.22,-4.32,-12
48.24,-3.60,-10
48.26,-2.88,-8
48.28,-2.16,-6
48.30,-1.44,-4
48.32,-0.72,-2
48.34,0.36,1
48.36,1.08,3
48.38,1.80,5
48.40,2.52,7
48.42,3.24,9
48.44,3.96,11
48.46,4.32,12
48.48,5.04,14
48.50,5.76,16
48.52,6.12,17
48.54,6.48,18
48.56,6.84,19
48.58,7.20,20
48.60,7.20,20
48.62,7.56,21
48.64,7.56,21
48.66,7.56,21
48.68,7.56,21
48.70,7.56,21
48.72,7.20,20
48.74,6.84,19
48.76,6.48,18
48.78,6.12,17
48.80,5.40,15
48.82,5.04,14
48.84,4.32,12
48.86,3.60,10
48.88,3.24,9
48.90,2.52,7
48.92,1.80,5
48.94,1.08,3
48.96,0.00,0
48.98,-0.72,-2
49.00,-1.44,-4
49.02,-2.16,-6
49.04,-2.88,-8
49.06,-3.60,-10
49.08,-4.32,-12
49.10,-5.04,-14
49.12,-5.40,-15
49.14,-6.12,-17
49.16,-6.48,-18
49.18,-7.20,-20
49.20,-7.56,-21
49.22,-7.92,-22
49.24,-7.92,-22
49.26,-8.28,-23
49.28,-8.28,-23
49.30,-8.28,-23
49.32,-8.28,-23
49.34,-7.92,-22
49.36,-7.92,-22
49.38,-7.56,-21
49.40,-7.56,-21
49.42,-6.84,-19
49.44,-6.48,-18
49.46,-6.12,-17
49.48,-5.40,-15
49.50,-5.04,-14
49.52,-4.32,-12
49.54,-3.60,-10
49.56,-2.88,-8
49.58,-2.16,-6
49.60,-1.44,-4
49.62,-0.72,-2
49.64,0.00,0
49.66,0.72,2
49.68,1.44,4
49.70,2.16,6
49.72,2.88,8
49.74,3.60,10
49.76,3.96,11
49.78,4.68,13
49.80,5.40,15
49.82,5.76,16
49.84,6.12,17
49.86,6.48,18
49.88,6.84,19
49.90,7.20,20
49.92,7.20,20
49.94,7.20,20
49.96,7.56,21
49.98,7.56,21
50.00,7.56,21
50.02,7.20,20
50.04,7.20,20
50.06,6.84,19
50.08,6.48,18
50.10,6.12,17
50.12,5.40,15
50.14,5.04,14
50.16,4.32,12
50.18,3.96,11
50.20,3.24,9
50.22,2.52,7
50.24,1.80,5
50.26,1.08,3
50.28,0.36,1
50.30,-0.36,-1
50.32,-1.08,-3
50.34,-1.80,-5
50.36,-2.52,-7
50.38,-3.24,-9
50.40,-3.96,-11
50.42,-4.32,-12
50.44,-5.04,-14
50.46,-5.40,-15
50.48,-6.12,-17
50.50,-6.48,-18
50.52,-6.84,-19
50.54,-7.20,-20
50.56,-7.20,-20
50.58,-7.56,-21
50.60,-7.56,-21
50.62,-7.56,-21
50.64,-7.56,-21
50.66,-7.20,-20
50.68,-7.20,-20
50.70,-6.84,-19
50.72,-6.48,-18
50.74,-6.12,-17
50.76,-5.76,-16
50.78,-5.40,-15
50.80,-4.68,-13
50.82,-4.32,-12
50.84,-3.60,-10
50.86,-2.88,-8
50.88,-2.52,-7
50.90,-1.80,-5
50.92,-1.08,-3
50.94,-0.36,-1
50.96,0.36,1
50.98,1.08,3
51.00,1.80,5
51.02,2.52,7
51.04,3.24,9
51.06,3.60,10
51.08,4.32,12
51.10,5.04,14
51.12,5.40,15
51.14,5.76,16
51.16,6.12,17
51.18,6.48,18
51.20,6.84,19
51.22,7.20,20
51.24,7.20,20
51.26,7.20,20
51.28,7.20,20
51.30,7.20,20
51.32,6.84,19
51.34,6.84,19
51.36,6.48,18
51.38,6.48,18
51.40,6.12,17
51.42,5.40,15
51.44,5.04,14
51.46,4.68,13
51.48,3.96,11
51.50,3.60,10
51.52,2.88,8
51.54,2.16,6
51.56,1.44,4
51.58,0.72,2
51.60,0.00,0
51.62,-0.36,-1
51.64,-1.08,-3
51.66,-1.80,-5
51.68,-2.52,-7
51.70,-3.24,-9
51.72,-3.60,-10
51.74,-4.32,-12
51.76,-4.68,-13
51.78,-5.40,-15
51.80,-5.76,-16
51.82,-6.12,-17
51.84,-6.48,-18
51.86,-6.84,-19
51.88,-6.84,-19
51.90,-7.20,-20
51.92,-7.20,-20
51.94,-7.20,-20
51.96,-7.20,-20
51.98,-7.20,-20
52.00,-7.20,-20
52.02,-6.84,-19
52.04,-6.48,-18
52.06,-6.12,-17
52.08,-5.76,-16
52.10,-5.40,-15
52.12,-4.68,-13
52.14,-4.32,-12
52.16,-3.60,-10
52.18,-3.24,-9
52.20,-2.52,-7
52.22,-1.80,-5
52.24,-1.08,-3
52.26,-0.36,-1
52.28,0.00,0
52.30,0.72,2
52.32,1.44,4
52.34,2.16,6
52.36,2.88,8
52.38,3.24,9
52.40,3.96,11
52.42,4.32,12
52.44,4.68,13
52.46,5.40,15
52.48,5.76,16
52.50,5.76,16
52.52,6.12,17
52.54,6.48,18
52.56,6.48,18
52.58,6.48,18
52.60,6.48,18
52.62,6.48,18
52.64,6.12,17
52.66,6.12,17
52.68,5.76,16
52.70,5.40,15
52.72,5.04,14
52.74,4.68,13
52.76,4.32,12
52.78,3.96,11
52.80,3.24,9
52.82,2.88,8
52.84,2.16,6
52.86,1.44,4
52.88,1.08,3
52.90,0.36,1
52.92,-0.36,-1
52.94,-1.08,-3
52.96,-1.80,-5
52.98,-2.16,-6
53.00,-2.88,-8
53.02,-3.60,-10
53.04,-3.96,-11
53.06,-4.68,-13
53.08,-5.04,-14
53.10,-5.40,-15
53.12,-5.76,-16
53.14,-6.12,-17
53.16,-6.48,-18
53.18,-6.84,-19
53.20,-6.84,-19
53.22,-7.20,-20
53.24,-7.20,-20
53.26,-7.20,-20
53.28,-7.20,-20
53.30,-7.20,-20
53.32,-6.84,-19
53.34,-6.84,-19
53.36,-6.48,-18
53.38,-6.12,-17
53.40,-5.76,-16
53.42,-5.40,-15
53.44,-4.68,-13
53.46,-4.32,-12
53.48,-3.60,-10
53.50,-3.24,-9
53.52,-2.52,-7
53.54,-1.80,-5
53.56,-1.44,-4
53.58,-0.72,-2
53.60,0.00,0
53.62,0.36,1
53.64,1.08,3
53.66,1.80,5
53.68,2.16,6
53.70,2.88,8
53.72,3.24,9
53.74,3.96,11
53.76,4.32,12
53.78,4.68,13
53.80,5.04,14
53.82,5.40,15
53.84,5.40,15
53.86,5.76,16
53.88,5.76,16
53.90,5.76,16
53.92,5.76,16
53.94,5.40,15
53.96,5.40,15
53.98,5.40,15
54.00,5.04,14
54.02,4.68,13
54.04,4.32,12
54.06,3.96,11
54.08,3.60,10
54.10,3.24,9
54.12,2.52,7
54.14,2.16,6
54.16,1.44,4
54.18,1.08,3
54.20,0.36,1
54.22,-0.36,-1
54.24,-0.72,-2
54.26,-1.44,-4
54.28,-2.16,-6
54.30,-2.52,-7
54.32,-3.24,-9
54.34,-3.60,-10
54.36,-4.32,-12
54.38,-4.68,-13
54.40,-5.04,-14
54.42,-5.76,-16
54.44,-6.12,-17
54.46,-6.12,-17
54.48,-6.48,-18
54.50,-6.84,-19
54.52,-6.84,-19
54.54,-7.20,-20
54.56,-7.20,-20
54.58,-7.20,-20
54.60,-7.20,-20
54.62,-7.20,-20
54.64,-6.84,-19
54.66,-6.48,-18
54.68,-6.48,-18
54.70,-6.12,-17
54.72,-5.76,-16
54.74,-5.40,-15
54.76,-4.68,-13
54.78,-4.32,-12
54.80,-3.60,-10
54.82,-3.24,-9
54.84,-2.52,-7
54.86,-2.16,-6
54.88,-1.44,-4
54.90,-1.08,-3
54.92,-0.36,-1
54.94,0.36,1
54.96,0.72,2
54.98,1.44,4
55.00,1.80,5
55.02,2.52,7
55.04,2.88,8
55.06,3.24,9
55.08,3.60,10
55.10,3.96,11
55.12,4.32,12
55.14,4.68,13
55.16,4.68,13
55.18,5.04,14
55.20,5.04,14
55.22,5.04,14
55.24,5.04,14
55.26,5.04,14
55.28,5.04,14
55.30,4.68,13
55.32,4.68,13
55.34,4.32,12
55.36,3.96,11
55.38,3.60,10
55.40,3.24,9
55.42,2.88,8
55.44,2.16,6
55.46,1.80,5
55.48,1.44,4
55.50,0.72,2
55.52,0.00,0
55.54,-0.36,-1
55.56,-1.08,-3
55.58,-1.44,-4
55.60,-2.16,-6
55.62,-2.52,-7
55.64,-3.24,-9
55.66,-3.60,-10
55.68,-4.32,-12
55.70,-4.68,-13
55.72,-5.04,-14
55.74,-5.40,-15
55.76,-5.76,-16
55.78,-6.12,-17
55.80,-6.12,-17
55.82,-6.48,-18
55.84,-6.48,-18
55.86,-6.48,-18
55.88,-6.84,-19
55.90,-6.84,-19
55.92,-6.84,-19
55.94,-6.48,-18
55.96,-6.48,-18
55.98,-6.12,-17
56.00,-5.76,-16
56.02,-5.76,-16
56.04,-5.40,-15
56.06,-4.68,-13
56.08,-4.32,-12
56.10,-3.96,-11
56.12,-3.60,-10
56.14,-2.88,-8
56.16,-2.52,-7
56.18,-1.80,-5
56.20,-1.44,-4
56.22,-0.72,-2
56.24,-0.36,-1
56.26,0.36,1
56.28,0.72,2
56.30,1.44,4
56.32,1.80,5
56.34,2.16,6
56.36,2.52,7
56.38,3.24,9
56.40,3.60,10
56.42,3.60,10
56.44,3.96,11
56.46,4.32,12
56.48,4.32,12
56.50,4.68,13
56.52,4.68,13
56.54,4.68,13
56.56,4.68,13
56.58,4.68,13
56.60,4.68,13
56.62,4.32,12
56.64,4.32,12
56.66,3.96,11
56.68,3.60,10
56.70,3.24,9
56.72,2.88,8
56.74,2.52,7
56.76,1.80,5
56.78,1.44,4
56.80,1.08,3
56.82,0.36,1
56.84,0.00,0
56.86,-0.72,-2
56.88,-1.08,-3
56.90,-1.44,-4
56.92,-2.16,-6
56.94,-2.52,-7
56.96,-3.24,-9
56.98,-3.60,-10
57.00,-3.96,-11
57.02,-4.32,-12
57.04,-4.68,-13
57.06,-5.04,-14
57.08,-5.40,-15
57.10,-5.76,-16
57.12,-5.76,-16
57.14,-6.12,-17
57.16,-6.12,-17
57.18,-6.12,-17
57.20,-6.12,-17
57.22,-6.12,-17
57.24,-6.12,-17
57.26,-5.76,-16
57.28,-5.76,-16
57.30,-5.40,-15
57.32,-5.04,-14
57.34,-4.68,-13
57.36,-4.68,-13
57.38,-3.96,-11
57.40,-3.60,-10
57.42,-3.24,-9
57.44,-2.88,-8
57.46,-2.52,-7
57.48,-1.80,-5
57.50,-1.44,-4
57.52,-0.72,-2
57.54,-0.36,-1
57.56,0.00,0
57.58,0.72,2
57.60,1.08,3
57.62,1.80,5
57.64,2.16,6
57.66,2.52,7
57.68,2.88,8
57.70,3.24,9
57.72,3.60,10
57.74,3.96,11
57.76,3.96,11
57.78,4.32,12
57.80,4.32,12
57.82,4.68,13
57.84,4.68,13
57.86,4.68,13
57.88,4.68,13
57.90,4.68,13
57.92,4.68,13
57.94,4.32,12
57.96,3.96,11
57.98,3.96,11
58.00,3.60,10
58.02,3.24,9
58.04,2.88,8
58.06,2.52,7
58.08,2.16,6
58.10,1.44,4
58.12,1.08,3
58.14,0.72,2
58.16,0.00,0
58.18,-0.36,-1
58.20,-0.72,-2
58.22,-1.44,-4
58.24,-1.80,-5
58.26,-2.16,-6
58.28,-2.88,-8
58.30,-3.24,-9
58.32,-3.60,-10
58.34,-3.96,-11
58.36,-4.32,-12
58.38,-4.68,-13
58.40,-4.68,-13
58.42,-5.04,-14
58.44,-5.40,-15
58.46,-5.40,-15
58.48,-5.40,-15
58.50,-5.40,-15
58.52,-5.40,-15
58.54,-5.40,-15
58.56,-5.04,-14
58.58,-5.04,-14
58.60,-5.04,-14
58.62,-4.68,-13
58.64,-4.32,-12
58.66,-3.96,-11
58.68,-3.60,-10
58.70,-3.24,-9
58.72,-2.88,-8
58.74,-2.52,-7
58.76,-2.16,-6
58.78,-1.80,-5
58.80,-1.44,-4
58.82,-0.72,-2
58.84,-0.36,-1
58.86,0.00,0
58.88,0.72,2
58.90,1.08,3
58.92,1.44,4
58.94,1.80,5
58.96,2.16,6
58.98,2.88,8
59.00,3.24,9
59.02,3.24,9
59.04,3.60,10
59.06,3.96,11
59.08,3.96,11
59.10,4.32,12
59.12,4.32,12
59.14,4.68,13
59.16,4.68,13
59.18,4.68,13
59.20,4.68,13
59.22,4.68,13
59.24,4.32,12
59.26,4.32,12
59.28,3.96,11
59.30,3.96,11
59.32,3.60,10
59.34,3.24,9
59.36,2.88,8
59.38,2.52,7
59.40,2.16,6
59.42,1.80,5
59.44,1.08,3
59.46,0.72,2
59.48,0.36,1
59.50,0.00,0
59.52,-0.72,-2
59.54,-1.08,-3
59.56,-1.44,-4
59.58,-1.80,-5
59.60,-2.16,-6
59.62,-2.52,-7
59.64,-2.88,-8
59.66,-3.24,-9
59.68,-3.60,-10
59.70,-3.96,-11
59.72,-4.32,-12
59.74,-4.32,-12
59.76,-4.68,-13
59.78,-4.68,-13
59.80,-4.68,-13
59.82,-4.68,-13
59.84,-4.68,-13
59.86,-4.68,-13
59.88,-4.32,-12
59.90,-4.32,-12
59.92,-3.96,-11
59.94,-3.96,-11
59.96,-3.60,-10
59.98,-3.24,-9
60.00,-2.88,-8
60.02,-2.88,-8
60.04,-2.52,-7
60.06,-1.80,-5
60.08,-1.44,-4
60.10,-1.08,-3
60.12,-0.72,-2
60.14,-0.36,-1
60.16,0.00,0
60.18,0.72,2
60.20,1.08,3
60.22,1.44,4
60.24,1.80,5
60.26,2.16,6
60.28,2.52,7
60.30,2.88,8
60.32,3.24,9
60.34,3.60,10
60.36,3.96,11
60.38,3.96,11
60.40,4.32,12
60.42,4.32,12
60.44,4.32,12
60.46,4.32,12
60.48,4.68,13
60.50,4.68,13
60.52,4.68,13
60.54,4.68,13
60.56,4.32,12
60.58,4.32,12
60.60,3.96,11
60.62,3.60,10
60.64,3.60,10
60.66,3.24,9
60.68,2.88,8
60.70,2.52,7
60.72,2.16,6
60.74,1.80,5
60.76,1.44,4
60.78,1.08,3
60.80,0.36,1
60.82,0.00,0
60.84,-0.36,-1
60.86,-0.72,-2
60.88,-1.08,-3
60.90,-1.44,-4
60.92,-1.80,-5
60.94,-2.16,-6
60.96,-2.52,-7
60.98,-2.88,-8
61.00,-3.24,-9
61.02,-3.24,-9
61.04,-3.60,-10
61.06,-3.60,-10
61.08,-3.96,-11
61.10,-3.96,-11
61.12,-3.96,-11
61.14,-3.96,-11
61.16,-3.96,-11
61.18,-3.60,-10
61.20,-3.60,-10
61.22,-3.60,-10
61.24,-3.24,-9
61.26,-3.24,-9
61.28,-2.88,-8
61.30,-2.52,-7
61.32,-2.16,-6
61.34,-2.16,-6
61.36,-1.80,-5
61.38,-1.44,-4
61.40,-1.08,-3
61.42,-0.72,-2
61.44,-0.36,-1
61.46,0.36,1
61.48,0.72,2
61.50,1.08,3
61.52,1.44,4
61.54,1.80,5
61.56,2.16,6
61.58,2.52,7
61.60,2.88,8
61.62,3.24,9
61.64,3.24,9
61.66,3.60,10
61.68,3.96,11
61.70,3.96,11
61.72,4.32,12
61.74,4.32,12
61.76,4.32,12
61.78,4.32,12
61.80,4.32,12
61.82,4.32,12
61.84,4.32,12
61.86,3.96,11
61.88,3.96,11
61.90,3.96,11
61.92,3.60,10
61.94,3.24,9
61.96,3.24,9
61.98,2.88,8
62.00,2.52,7
62.02,2.16,6
62.04,1.80,5
62.06,1.44,4
62.08,1.08,3
62.10,0.72,2
62.12,0.36,1
62.14,0.00,0
62.16,-0.36,-1
62.18,-0.72,-2
62.20,-1.08,-3
62.22,-1.44,-4
62.24,-1.80,-5
62.26,-2.16,-6
62.28,-2.52,-7
62.30,-2.52,-7
62.32,-2.88,-8
62.34,-3.24,-9
62.36,-3.24,-9
62.38,-3.24,-9
62.40,-3.60,-10
62.42,-3.60,-10
62.44,-3.60,-10
62.46,-3.60,-10
62.48,-3.24,-9
62.50,-3.24,-9
62.52,-3.24,-9
62.54,-3.24,-9
62.56,-2.88,-8
62.58,-2.88,-8
62.60,-2.52,-7
62.62,-2.16,-6
62.64,-2.16,-6
62.66,-1.80,-5
62.68,-1.44,-4
62.70,-1.08,-3
62.72,-0.72,-2
62.74,-0.36,-1
62.76,0.00,0
62.78,0.36,1
62.80,0.72,2
62.82,1.08,3
62.84,1.44,4
62.86,1.80,5
62.88,2.16,6
62.90,2.52,7
62.92,2.52,7
62.94,2.88,8
62.96,3.24,9
62.98,3.24,9
63.00,3.60,10
63.02,3.60,10
63.04,3.96,11
63.06,3.96,11
63.08,3.96,11
63.10,3.96,11
63.12,3.96,11
63.14,3.96,11
63.16,3.96,11
63.18,3.60,10
63.20,3.60,10
63.22,3.60,10
63.24,3.24,9
63.26,2.88,8
63.28,2.88,8
63.30,2.52,7
63.32,2.16,6
63.34,1.80,5
63.36,1.80,5
63.38,1.44,4
63.40,1.08,3
63.42,0.72,2
63.44,0.36,1
63.46,0.00,0
63.48,-0.36,-1
63.50,-0.72,-2
63.52,-1.08,-3
63.54,-1.44,-4
63.56,-1.80,-5
63.58,-1.80,-5
63.60,-2.16,-6
63.62,-2.52,-7
63.64,-2.52,-7
63.66,-2.88,-8
63.68,-2.88,-8
63.70,-2.88,-8
63.72,-3.24,-9
63.74,-3.24,-9
63.76,-3.24,-9
63.78,-3.24,-9
63.80,-3.24,-9
63.82,-3.24,-9
63.84,-3.24,-9
63.86,-3.24,-9
63.88,-2.88,-8
63.90,-2.88,-8
63.92,-2.52,-7
63.94,-2.16,-6
63.96,-2.16,-6
63.98,-1.80,-5
64.00,-1.44,-4
64.02,-1.08,-3
64.04,-0.72,-2
64.06,-0.72,-2
64.08,-0.36,-1
64.10,0.00,0
64.12,0.36,1
64.14,0.72,2
64.16,1.08,3
64.18,1.44,4
64.20,1.80,5
64.22,1.80,5
64.24,2.16,6
64.26,2.52,7
64.28,2.52,7
64.30,2.88,8
64.32,2.88,8
64.34,3.24,9
64.36,3.24,9
64.38,3.24,9
64.40,3.24,9
64.42,3.24,9
64.44,3.24,9
64.46,3.24,9
64.48,3.24,9
64.50,2.88,8
64.52,2.88,8
64.54,2.52,7
64.56,2.52,7
64.58,2.16,6
64.60,2.16,6
64.62,1.80,5
64.64,1.44,4
64.66,1.44,4
64.68,1.08,3
64.70,0.72,2
64.72,0.36,1
64.74,0.00,0
64.76,0.00,0
64.78,-0.36,-1
64.80,-0.72,-2
64.82,-1.08,-3
64.84,-1.44,-4
64.86,-1.80,-5
64.88,-1.80,-5
64.90,-2.16,-6
64.92,-2.52,-7
64.94,-2.52,-7
64.96,-2.88,-8
64.98,-2.88,-8
65.00,-2.88,-8
65.02,-3.24,-9
65.04,-3.24,-9
65.06,-3.24,-9
65.08,-3.24,-9
65.10,-3.24,-9
65.12,-3.24,-9
65.14,-3.24,-9
65.16,-3.24,-9
65.18,-2.88,-8
65.20,-2.88,-8
65.22,-2.88,-8
65.24,-2.52,-7
65.26,-2.16,-6
65.28,-2.16,-6
65.30,-1.80,-5
65.32,-1.44,-4
65.34,-1.44,-4
65.36,-1.08,-3
65.38,-0.72,-2
65.40,-0.36,-1
65.42,0.00,0
65.44,0.00,0
65.46,0.36,1
65.48,0.72,2
65.50,1.08,3
65.52,1.08,3
65.54,1.44,4
65.56,1.80,5
65.58,1.80,5
65.60,2.16,6
65.62,2.16,6
65.64,2.16,6
65.66,2.52,7
65.68,2.52,7
65.70,2.52,7
65.72,2.52,7
65.74,2.52,7
65.76,2.52,7
65.78,2.52,7
65.80,2.16,6
65.82,2.16,6
65.84,2.16,6
65.86,1.80,5
65.88,1.80,5
65.90,1.44,4
65.92,1.44,4
65.94,1.08,3
65.96,1.08,3
65.98,0.72,2
66.00,0.36,1
66.02,0.36,1
66.04,0.00,0
66.06,-0.36,-1
66.08,-0.72,-2
66.10,-0.72,-2
66.12,-1.08,-3
66.14,-1.44,-4
66.16,-1.80,-5
66.18,-1.80,-5
66.20,-2.16,-6
66.22,-2.16,-6
66.24,-2.52,-7
66.26,-2.52,-7
66.28,-2.88,-8
66.30,-2.88,-8
66.32,-2.88,-8
66.34,-3.24,-9
66.36,-3.24,-9
66.38,-3.24,-9
66.40,-3.24,-9
66.42,-3.24,-9
66.44,-3.24,-9
66.46,-3.24,-9
66.48,-3.24,-9
66.50,-2.88,-8
66.52,-2.88,-8
66.54,-2.88,-8
66.56,-2.52,-7
66.58,-2.52,-7
66.60,-2.16,-6
66.62,-1.80,-5
66.64,-1.80,-5
66.66,-1.44,-4
66.68,-1.08,-3
66.70,-1.08,-3
66.72,-0.72,-2
66.74,-0.36,-1
66.76,-0.36,-1
66.78,0.00,0
66.80,0.36,1
66.82,0.36,1
66.84,0.72,2
66.86,1.08,3
66.88,1.08,3
66.90,1.44,4
66.92,1.44,4
66.94,1.44,4
66.96,1.80,5
66.98,1.80,5
67.00,1.80,5
67.02,1.80,5
67.04,1.80,5
67.06,1.80,5
67.08,1.80,5
67.10,1.80,5
67.12,1.44,4
67.14,1.44,4
67.16,1.44,4
67.18,1.08,3
67.20,1.08,3
67.22,1.08,3
67.24,0.72,2
67.26,0.36,1
67.28,0.36,1
67.30,0.00,0
67.32,0.00,0
67.34,-0.36,-1
67.36,-0.72,-2
67.38,-0.72,-2
67.40,-1.08,-3
67.42,-1.44,-4
67.44,-1.44,-4
67.46,-1.80,-5
67.48,-1.80,-5
67.50,-2.16,-6
67.52,-2.16,-6
67.54,-2.52,-7
67.56,-2.52,-7
67.58,-2.88,-8
67.60,-2.88,-8
67.62,-2.88,-8
67.64,-3.24,-9
67.66,-3.24,-9
67.68,-3.24,-9
67.70,-3.24,-9
67.72,-3.24,-9
67.74,-3.24,-9
67.76,-3.24,-9
67.78,-3.24,-9
67.80,-3.24,-9
67.82,-2.88,-8
67.84,-2.88,-8
67.86,-2.88,-8
67.88,-2.52,-7
67.90,-2.52,-7
67.92,-2.16,-6
67.94,-2.16,-6
67.96,-1.80,-5
67.98,-1.80,-5
68.00,-1.44,-4
68.02,-1.08,-3
68.04,-1.08,-3
68.06,-0.72,-2
68.08,-0.72,-2
68.10,-0.36,-1
68.12,0.00,0
68.14,0.00,0
68.16,0.36,1
68.18,0.36,1
68.20,0.72,2
68.22,0.72,2
68.24,0.72,2
68.26,1.08,3
68.28,1.08,3
68.30,1.08,3
68.32,1.08,3
68.34,1.08,3
68.36,1.08,3
68.38,1.08,3
68.40,1.08,3
68.42,1.08,3
68.44,0.72,2
68.46,0.72,2
68.48,0.72,2
68.50,0.36,1
68.52,0.36,1
68.54,0.36,1
68.56,0.00,0
68.58,0.00,0
68.60,-0.36,-1
68.62,-0.36,-1
68.64,-0.72,-2
68.66,-0.72,-2
68.68,-1.08,-3
68.70,-1.08,-3
68.72,-1.44,-4
68.74,-1.80,-5
68.76,-1.80,-5
68.78,-2.16,-6
68.80,-2.16,-6
68.82,-2.52,-7
68.84,-2.52,-7
68.86,-2.52,-7
68.88,-2.88,-8
68.90,-2.88,-8
68.92,-2.88,-8
68.94,-2.88,-8
68.96,-3.24,-9
68.98,-3.24,-9
69.00,-3.24,-9
69.02,-3.24,-9
69.04,-3.24,-9
69.06,-3.24,-9
69.08,-3.24,-9
69.10,-3.24,-9
69.12,-3.24,-9
69.14,-2.88,-8
69.16,-2.88,-8
69.18,-2.88,-8
69.20,-2.52,-7
69.22,-2.52,-7
69.24,-2.16,-6
69.26,-2.16,-6
69.28,-2.16,-6
69.30,-1.80,-5
69.32,-1.80,-5
69.34,-1.44,-4
69.36,-1.44,-4
69.38,-1.08,-3
69.40,-1.08,-3
69.42,-0.72,-2
69.44,-0.72,-2
69.46,-0.36,-1
69.48,-0.36,-1
69.50,0.00,0
69.52,0.00,0
69.54,0.00,0
69.56,0.36,1
69.58,0.36,1
69.60,0.36,1
69.62,0.36,1
69.64,0.36,1
69.66,0.36,1
69.68,0.36,1
69.70,0.36,1
69.72,0.36,1
69.74,0.00,0
69.76,0.00,0
69.78,0.00,0
69.80,0.00,0
69.82,-0.36,-1
69.84,-0.36,-1
69.86,-0.36,-1
69.88,-0.72,-2
69.90,-0.72,-2
69.92,-0.72,-2
69.94,-1.08,-3
69.96,-1.08,-3
69.98,-1.44,-4
70.00,-1.44,-4
70.02,-1.80,-5
70.04,-1.80,-5
70.06,-2.16,-6
70.08,-2.16,-6
70.10,-2.16,-6
70.12,-2.52,-7
70.14,-2.52,-7
70.16,-2.52,-7
70.18,-2.88,-8
70.20,-2.88,-8
70.22,-2.88,-8
70.24,-2.88,-8
70.26,-3.24,-9
70.28,-3.24,-9
70.30,-3.24,-9
70.32,-3.24,-9
70.34,-3.24,-9
70.36,-3.24,-9
70.38,-3.24,-9
70.40,-3.24,-9
70.42,-3.24,-9
70.44,-3.24,-9
70.46,-2.88,-8
70.48,-2.88,-8
70.50,-2.88,-8
70.52,-2.52,-7
70.54,-2.52,-7
70.56,-2.52,-7
70.58,-2.16,-6
70.60,-2.16,-6
70.62,-2.16,-6
70.64,-1.80,-5
70.66,-1.80,-5
70.68,-1.44,-4
70.70,-1.44,-4
70.72,-1.44,-4
70.74,-1.08,-3
70.76,-1.08,-3
70.78,-0.72,-2
70.80,-0.72,-2
70.82,-0.72,-2
70.84,-0.72,-2
70.86,-0.36,-1
70.88,-0.36,-1
70.90,-0.36,-1
70.92,-0.36,-1
70.94,-0.36,-1
70.96,-0.36,-1
70.98,-0.36,-1
71.00,-0.36,-1
71.02,-0.36,-1
71.04,-0.36,-1
71.06,-0.72,-2
71.08,-0.72,-2
71.10,-0.72,-2
71.12,-0.72,-2
71.14,-0.72,-2
71.16,-1.08,-3
71.18,-1.08,-3
71.20,-1.08,-3
71.22,-1.44,-4
71.24,-1.44,-4
71.26,-1.44,-4
71.28,-1.80,-5
71.30,-1.80,-5
71.32,-1.80,-5
71.34,-2.16,-6
71.36,-2.16,-6
71.38,-2.16,-6
71.40,-2.52,-7
71.42,-2.52,-7
71.44,-2.52,-7
71.46,-2.88,-8
71.48,-2.88,-8
71.50,-2.88,-8
71.52,-2.88,-8
71.54,-2.88,-8
71.56,-3.24,-9
71.58,-3.24,-9
71.60,-3.24,-9
71.62,-3.24,-9
71.64,-3.24,-9
71.66,-3.24,-9
71.68,-3.24,-9
71.70,-3.24,-9
71.72,-3.24,-9
71.74,-3.24,-9
71.76,-3.24,-9
71.78,-2.88,-8
71.80,-2.88,-8
71.82,-2.88,-8
71.84,-2.88,-8
71.86,-2.52,-7
71.88,-2.52,-7
71.90,-2.52,-7
71.92,-2.52,-7
71.94,-2.16,-6
71.96,-2.16,-6
71.98,-2.16,-6
72.00,-1.80,-5
72.02,-1.80,-5
72.04,-1.80,-5
72.06,-1.44,-4
72.08,-1.44,-4
72.10,-1.44,-4
72.12,-1.44,-4
72.14,-1.08,-3
72.16,-1.08,-3
72.18,-1.08,-3
72.20,-1.08,-3
72.22,-1.08,-3
72.24,-1.08,-3
72.26,-1.08,-3
72.28,-1.08,-3
72.30,-1.08,-3
72.32,-1.08,-3
72.34,-1.08,-3
72.36,-1.08,-3
72.38,-1.44,-4
72.40,-1.44,-4
72.42,-1.44,-4
72.44,-1.44,-4
72.46,-1.44,-4
72.48,-1.44,-4
72.50,-1.80,-5
72.52,-1.80,-5
72.54,-1.80,-5
72.56,-1.80,-5
72.58,-2.16,-6
72.60,-2.16,-6
72.62,-2.16,-6
72.64,-2.52,-7
72.66,-2.52,-7
72.68,-2.52,-7
72.70,-2.52,-7
72.72,-2.88,-8
72.74,-2.88,-8
72.76,-2.88,-8
72.78,-2.88,-8
72.80,-2.88,-8
72.82,-2.88,-8
72.84,-3.24,-9
72.86,-3.24,-9
72.88,-3.24,-9
72.90,-3.24,-9
72.92,-3.24,-9
72.94,-3.24,-9
72.96,-3.24,-9
72.98,-3.24,-9
73.00,-3.24,-9
73.02,-3.24,-9
73.04,-3.24,-9
73.06,-3.24,-9
73.08,-3.24,-9
73.10,-3.24,-9
73.12,-2.88,-8
73.14,-2.88,-8
73.16,-2.88,-8
73.18,-2.88,-8
73.20,-2.88,-8
73.22,-2.52,-7
73.24,-2.52,-7
73.26,-2.52,-7
73.28,-2.52,-7
73.30,-2.52,-7
73.32,-2.16,-6
73.34,-2.16,-6
73.36,-2.16,-6
73.38,-2.16,-6
73.40,-2.16,-6
73.42,-1.80,-5
73.44,-1.80,-5
73.46,-1.80,-5
73.48,-1.80,-5
73.50,-1.80,-5
73.52,-1.80,-5
73.54,-1.80,-5
73.56,-1.80,-5
73.58,-1.80,-5
73.60,-1.80,-5
73.62,-1.80,-5
73.64,-1.80,-5
73.66,-1.80,-5
73.68,-1.80,-5
73.70,-2.16,-6
73.72,-2.16,-6
73.74,-2.16,-6
73.76,-2.16,-6
73.78,-2.16,-6
73.80,-2.16,-6
73.82,-2.16,-6
73.84,-2.52,-7
73.86,-2.52,-7
73.88,-2.52,-7
73.90,-2.52,-7
73.92,-2.52,-7
73.94,-2.52,-7
73.96,-2.88,-8
73.98,-2.88,-8
74.00,-2.88,-8
74.02,-2.88,-8
74.04,-2.88,-8
74.06,-2.88,-8
74.08,-2.88,-8
74.10,-3.24,-9
74.12,-3.24,-9
74.14,-3.24,-9
74.16,-3.24,-9
74.18,-3.24,-9
74.20,-3.24,-9
74.22,-3.24,-9
74.24,-3.24,-9
74.26,-3.24,-9
74.28,-3.24,-9
74.30,-3.24,-9
74.32,-3.24,-9
74.34,-3.24,-9
74.36,-3.24,-9
74.38,-3.24,-9
74.40,-3.24,-9
74.42,-3.24,-9
74.44,-3.24,-9
74.46,-3.24,-9
74.48,-2.88,-8
74.50,-2.88,-8
74.52,-2.88,-8
74.54,-2.88,-8
74.56,-2.88,-8
74.58,-2.88,-8
74.60,-2.88,-8
74.62,-2.52,-7
74.64,-2.52,-7
74.66,-2.52,-7
74.68,-2.52,-7
74.70,-2.52,-7
74.72,-2.52,-7
74.74,-2.52,-7
74.76,-2.52,-7
74.78,-2.52,-7
74.80,-2.52,-7
74.82,-2.52,-7
74.84,-2.52,-7
74.86,-2.52,-7
74.88,-2.52,-7
74.90,-2.52,-7
74.92,-2.52,-7
74.94,-2.52,-7
74.96,-2.52,-7
74.98,-2.52,-7
75.00,-2.52,-7
75.02,-2.52,-7
75.04,-2.52,-7
75.06,-2.88,-8
75.08,-2.88,-8
75.10,-2.88,-8
75.12,-2.88,-8
75.14,-2.88,-8
75.16,-2.88,-8
75.18,-2.88,-8
75.20,-2.88,-8
75.22,-2.88,-8
75.24,-2.88,-8
75.26,-3.24,-9
75.28,-3.24,-9
75.30,-3.24,-9
75.32,-3.24,-9
75.34,-3.24,-9
75.36,-3.24,-9
75.38,-3.24,-9
75.40,-3.24,-9
75.42,-3.24,-9
75.44,-3.24,-9
75.46,-3.24,-9
75.48,-3.24,-9
75.50,-3.24,-9
75.52,-3.24,-9
75.54,-3.24,-9
75.56,-3.24,-9
75.58,-3.24,-9
75.60,-2.88,-8
75.62,-2.88,-8
75.64,-2.88,-8
75.66,-2.88,-8
75.68,-2.88,-8
75.70,-2.88,-8
75.72,-2.88,-8
75.74,-2.88,-8
75.76,-2.88,-8
75.78,-2.88,-8
75.80,-2.88,-8
75.82,-2.88,-8
75.84,-2.88,-8
75.86,-2.88,-8
75.88,-2.88,-8
75.90,-2.52,-7
75.92,-2.52,-7
75.94,-2.52,-7
75.96,-2.52,-7
75.98,-2.52,-7
76.00,-2.52,-7
76.02,-2.52,-7
76.04,-2.52,-7
76.06,-2.52,-7
76.08,-2.52,-7
76.10,-2.52,-7
76.12,-2.52,-7
76.14,-2.52,-7
76.16,-2.52,-7
76.18,-2.52,-7
76.20,-2.52,-7
76.22,-2.52,-7
76.24,-2.52,-7
76.26,-2.52,-7
76.28,-2.52,-7
76.30,-2.52,-7
76.32,-2.52,-7
76.34,-2.52,-7
76.36,-2.52,-7
76.38,-2.52,-7
76.40,-2.52,-7
76.42,-2.52,-7
76.44,-2.52,-7
76.46,-2.52,-7
76.48,-2.88,-8
76.50,-2.88,-8
76.52,-2.88,-8
76.54,-2.88,-8
76.56,-2.88,-8
76.58,-2.88,-8
76.60,-2.88,-8
76.62,-2.88,-8
76.64,-2.88,-8
76.66,-2.88,-8
76.68,-2.88,-8
76.70,-2.88,-8
76.72,-2.88,-8
76.74,-2.88,-8
76.76,-2.88,-8
76.78,-2.88,-8
76.80,-2.88,-8
76.82,-2.88,-8
76.84,-2.88,-8
76.86,-2.88,-8
76.88,-2.88,-8
76.90,-2.88,-8
76.92,-2.88,-8
76.94,-2.88,-8
76.96,-2.88,-8
76.98,-2.88,-8
77.00,-2.88,-8
77.02,-2.88,-8
77.04,-2.88,-8
77.06,-2.88,-8
77.08,-2.88,-8
77.10,-2.88,-8
77.12,-2.88,-8
77.14,-2.88,-8
77.16,-2.88,-8
77.18,-2.88,-8
77.20,-2.88,-8
77.22,-2.88,-8
77.24,-2.88,-8
77.26,-2.88,-8
77.28,-2.88,-8
77.30,-2.88,-8
77.32,-2.88,-8
77.34,-2.88,-8
77.36,-2.88,-8
77.38,-2.88,-8
77.40,-2.88,-8
77.42,-2.88,-8
77.44,-2.88,-8
77.46,-2.88,-8
77.48,-2.88,-8
77.50,-2.88,-8
77.52,-2.88,-8
77.54,-2.88,-8
77.56,-2.88,-8
77.58,-2.88,-8
77.60,-2.88,-8
77.62,-2.88,-8
77.64,-2.88,-8
77.66,-2.88,-8
77.68,-2.88,-8
77.70,-2.88,-8
77.72,-2.88,-8
77.74,-2.88,-8
77.76,-2.88,-8
77.78,-2.88,-8
77.80,-2.88,-8
77.82,-2.88,-8
77.84,-2.88,-8
77.86,-2.88,-8
77.88,-2.88,-8
77.90,-2.88,-8
77.92,-2.88,-8
77.94,-2.88,-8
77.96,-2.88,-8
77.98,-2.88,-8
78.00,-2.88,-8
78.02,-2.88,-8
78.04,-2.88,-8
78.06,-2.88,-8
78.08,-2.88,-8
78.10,-2.88,-8
78.12,-2.88,-8
78.14,-2.88,-8
78.16,-2.88,-8
78.18,-2.88,-8
78.20,-2.88,-8
78.22,-2.88,-8
78.24,-2.88,-8
78.26,-2.88,-8
78.28,-2.88,-8
78.30,-2.88,-8
78.32,-2.88,-8
78.34,-2.88,-8
78.36,-2.88,-8
78.38,-2.88,-8
78.40,-2.88,-8
78.42,-2.88,-8
78.44,-2.88,-8
78.46,-2.88,-8
78.48,-2.88,-8
78.50,-2.88,-8
78.52,-2.88,-8
78.54,-2.88,-8
78.56,-2.88,-8
78.58,-2.88,-8
78.60,-2.88,-8
78.62,-2.88,-8
78.64,-2.88,-8
78.66,-2.88,-8
78.68,-2.88,-8
78.70,-2.88,-8
78.72,-2.88,-8
78.74,-2.88,-8
78.76,-2.88,-8
78.78,-2.88,-8
78.80,-2.88,-8
78.82,-2.88,-8
78.84,-2.88,-8
78.86,-2.88,-8
78.88,-2.88,-8
78.90,-2.88,-8
78.92,-2.88,-8
78.94,-2.88,-8
78.96,-2.88,-8
78.98,-2.88,-8
79.00,-2.88,-8
79.02,-2.88,-8
79.04,-2.88,-8
79.06,-2.88,-8
79.08,-2.88,-8
79.10,-2.88,-8
79.12,-2.88,-8
79.14,-2.88,-8
79.16,-2.88,-8
79.18,-2.88,-8
79.20,-2.88,-8
79.22,-2.88,-8
79.24,-2.88,-8
79.26,-2.88,-8
79.28,-2.88,-8
79.30,-2.88,-8
79.32,-2.88,-8
79.34,-2.88,-8
79.36,-2.88,-8
79.38,-2.88,-8
79.40,-2.88,-8
79.42,-2.88,-8
79.44,-2.88,-8
79.46,-2.88,-8
79.48,-2.88,-8
79.50,-2.88,-8
79.52,-2.88,-8
79.54,-2.88,-8
79.56,-2.88,-8
79.58,-2.88,-8
79.60,-2.88,-8
79.62,-2.88,-8
79.64,-2.88,-8
79.66,-2.88,-8
79.68,-2.88,-8
79.70,-2.88,-8
79.72,-2.88,-8
79.74,-2.88,-8
79.76,-2.88,-8
79.78,-2.88,-8
79.80,-2.88,-8
79.82,-2.88,-8
79.84,-2.88,-8
79.86,-2.88,-8
79.88,-2.88,-8
79.90,-2.88,-8
79.92,-2.88,-8
79.94,-2.88,-8
79.96,-2.88,-8
79.98,-2.88,-8
80.00,-2.88,-8
80.02,-2.88,-8
80.04,-2.88,-8
80.06,-2.88,-8
80.08,-2.88,-8
80.10,-2.88,-8
80.12,-2.88,-8
80.14,-2.88,-8
80.16,-2.88,-8
80.18,-2.88,-8
80.20,-2.88,-8
80.22,-2.88,-8
80.24,-2.88,-8
80.26,-2.88,-8
80.28,-2.88,-8
80.30,-2.88,-8
80.32,-2.88,-8
80.34,-2.88,-8
80.36,-2.88,-8
80.38,-2.88,-8
80.40,-2.88,-8
80.42,-2.88,-8
80.44,-2.88,-8
80.46,-2.88,-8
80.48,-2.88,-8
80.50,-2.88,-8
80.52,-2.88,-8
80.54,-2.88,-8
80.56,-2.88,-8
80.58,-2.88,-8
80.60,-2.88,-8
80.62,-2.88,-8
80.64,-2.88,-8
80.66,-2.88,-8
80.68,-2.88,-8
80.70,-2.88,-8
80.72,-2.88,-8
80.74,-2.88,-8
80.76,-2.88,-8
80.78,-2.88,-8
80.80,-2.88,-8
80.82,-2.88,-8
80.84,-2.88,-8
80.86,-2.88,-8
80.88,-2.88,-8
80.90,-2.88,-8
80.92,-2.88,-8
80.94,-2.88,-8
80.96,-2.88,-8
80.98,-2.88,-8
81.00,-2.88,-8
81.02,-2.88,-8
81.04,-2.88,-8
81.06,-2.88,-8
81.08,-2.88,-8
81.10,-2.88,-8
81.12,-2.88,-8
81.14,-2.88,-8
81.16,-2.88,-8
81.18,-2.88,-8
81.20,-2.88,-8
81.22,-2.88,-8
81.24,-2.88,-8
81.26,-2.88,-8
81.28,-2.88,-8
81.30,-2.88,-8
81.32,-2.88,-8
81.34,-2.88,-8
81.36,-2.88,-8
81.38,-2.88,-8
81.40,-2.88,-8
81.42,-2.88,-8
81.44,-2.88,-8
81.46,-2.88,-8
81.48,-2.88,-8
81.50,-2.88,-8
81.52,-2.88,-8
81.54,-2.88,-8
81.56,-2.88,-8
81.58,-2.88,-8
81.60,-2.88,-8
81.62,-2.88,-8
81.64,-2.88,-8
81.66,-2.88,-8
81.68,-2.88,-8
81.70,-2.88,-8
81.72,-2.88,-8
81.74,-2.88,-8
81.76,-2.88,-8
81.78,-2.88,-8
81.80,-2.88,-8
81.82,-2.88,-8
81.84,-2.88,-8
81.86,-2.88,-8
81.88,-2.88,-8
81.90,-2.88,-8
81.92,-2.88,-8
81.94,-2.88,-8
81.96,-2.88,-8
81.98,-2.88,-8
82.00,-2.88,-8
82.02,-2.88,-8
82.04,-2.88,-8
82.06,-2.88,-8
82.08,-2.88,-8
82.10,-2.88,-8
82.12,-2.88,-8
82.14,-2.88,-8
82.16,-2.88,-8
82.18,-2.88,-8
82.20,-2.88,-8
82.22,-2.88,-8
82.24,-2.88,-8
82.26,-2.88,-8
82.28,-2.88,-8
82.30,-2.88,-8
82.32,-2.88,-8
82.34,-2.88,-8
82.36,-2.88,-8
82.38,-2.88,-8
82.40,-2.88,-8
82.42,-2.88,-8
82.44,-2.88,-8
82.46,-2.88,-8
82.48,-2.88,-8
82.50,-2.88,-8
82.52,-2.88,-8
82.54,-2.88,-8
82.56,-2.88,-8
82.58,-2.88,-8
82.60,-2.88,-8
82.62,-2.88,-8
82.64,-2.88,-8
82.66,-2.88,-8
82.68,-2.88,-8
82.70,-2.88,-8
82.72,-2.88,-8
82.74,-2.88,-8
82.76,-2.88,-8
82.78,-2.88,-8
82.80,-2.88,-8
82.82,-2.88,-8
82.84,-2.88,-8
82.86,-2.88,-8
82.88,-2.88,-8
82.90,-2.88,-8
82.92,-2.88,-8
82.94,-2.88,-8
82.96,-2.88,-8
82.98,-2.88,-8
83.00,-2.88,-8
83.02,-2.88,-8
83.04,-2.88,-8
83.06,-2.88,-8
83.08,-2.88,-8
83.10,-2.88,-8
83.12,-2.88,-8
83.14,-2.88,-8
83.16,-2.88,-8
83.18,-2.88,-8
83.20,-2.88,-8
83.22,-2.88,-8
83.24,-2.88,-8
83.26,-2.88,-8
83.28,-2.88,-8
83.30,-2.88,-8
83.32,-2.88,-8
83.34,-2.88,-8
83.36,-2.88,-8
83.38,-2.88,-8
83.40,-2.88,-8
83.42,-2.88,-8
83.44,-2.88,-8
83.46,-2.88,-8
83.48,-2.88,-8
83.50,-2.88,-8
83.52,-2.88,-8
83.54,-2.88,-8
83.56,-2.88,-8
83.58,-2.88,-8
83.60,-2.88,-8
83.62,-2.88,-8
83.64,-2.88,-8
83.66,-2.88,-8
83.68,-2.88,-8
83.70,-2.88,-8
83.72,-2.88,-8
83.74,-2.88,-8
83.76,-2.88,-8
83.78,-2.88,-8
83.80,-2.88,-8
83.82,-2.88,-8
83.84,-2.88,-8
83.86,-2.88,-8
83.88,-2.88,-8
83.90,-2.88,-8
83.92,-2.88,-8
83.94,-2.88,-8
83.96,-2.88,-8
83.98,-2.88,-8
84.00,-2.88,-8
84.02,-2.88,-8
84.04,-2.88,-8
84.06,-2.88,-8
84.08,-2.88,-8
84.10,-2.88,-8
84.12,-2.88,-8
84.14,-2.88,-8
84.16,-2.88,-8
84.18,-2.88,-8
84.20,-2.88,-8
84.22,-2.88,-8
84.24,-2.88,-8
84.26,-2.88,-8
84.28,-2.88,-8
84.30,-2.88,-8
84.32,-2.88,-8
84.34,-2.88,-8
84.36,-2.88,-8
84.38,-2.88,-8
84.40,-2.88,-8
84.42,-2.88,-8
84.44,-2.88,-8
84.46,-2.88,-8
84.48,-2.88,-8
84.50,-2.88,-8
84.52,-2.88,-8
84.54,-2.88,-8
84.56,-2.88,-8
84.58,-2.88,-8
84.60,-2.88,-8
84.62,-2.88,-8
84.64,-2.88,-8
84.66,-2.88,-8
84.68,-2.88,-8
84.70,-2.88,-8
84.72,-2.88,-8
84.74,-2.88,-8
84.76,-2.88,-8
84.78,-2.88,-8
84.80,-2.88,-8
84.82,-2.88,-8
84.84,-2.88,-8
84.86,-2.88,-8
84.88,-2.88,-8
84.90,-2.88,-8
84.92,-2.88,-8
84.94,-2.88,-8
84.96,-2.88,-8
84.98,-2.88,-8
85.00,-2.88,-8
85.02,-2.88,-8
85.04,-2.88,-8
85.06,-2.88,-8
85.08,-2.88,-8
85.10,-2.88,-8
85.12,-2.88,-8
85.14,-2.88,-8
85.16,-2.88,-8
85.18,-2.88,-8
85.20,-2.88,-8
85.22,-2.88,-8
85.24,-2.88,-8
85.26,-2.88,-8
85.28,-2.88,-8
85.30,-2.88,-8
85.32,-2.88,-8
85.34,-2.88,-8
85.36,-2.88,-8
85.38,-2.88,-8
85.40,-2.88,-8
85.42,-2.88,-8
85.44,-2.88,-8
85.46,-2.88,-8
85.48,-2.88,-8
85.50,-2.88,-8
85.52,-2.88,-8
85.54,-2.88,-8
85.56,-2.88,-8
85.58,-2.88,-8
85.60,-2.88,-8
85.62,-2.88,-8
85.64,-2.88,-8
85.66,-2.88,-8
85.68,-2.88,-8
85.70,-2.88,-8
85.72,-2.88,-8
85.74,-2.88,-8
85.76,-2.88,-8
85.78,-2.88,-8
85.80,-2.88,-8
85.82,-2.88,-8
85.84,-2.88,-8
85.86,-2.88,-8
85.88,-2.88,-8
85.90,-2.88,-8
85.92,-2.88,-8
85.94,-2.88,-8
85.96,-2.88,-8
85.98,-2.88,-8
86.00,-2.88,-8
86.02,-2.88,-8
86.04,-2.88,-8
86.06,-2.88,-8
86.08,-2.88,-8
86.10,-2.88,-8
86.12,-2.88,-8
86.14,-2.88,-8
86.16,-2.88,-8
86.18,-2.88,-8
